27.76908;10.10878;-2.91055;-0.31794;-0.31198;-0.14101;-0.14714;
27.77692;10.18243;-2.93270;-0.19040;-0.31464;-0.11371;-0.14687;
27.78476;10.18901;-2.92252;-0.22573;-0.31731;-0.08455;-0.14580;
27.79259;10.15249;-2.89618;-0.14669;-0.31837;-0.09521;-0.14594;
27.80043;10.09800;-2.91594;-0.21495;-0.31358;-0.10626;-0.14101;
27.80825;10.12315;-2.91953;-0.23471;-0.31451;-0.11185;-0.13981;
27.81610;10.13692;-2.90516;-0.22573;-0.31957;-0.11105;-0.13715;
27.82394;10.10459;-2.90216;-0.24908;-0.32103;-0.11917;-0.13342;
27.83177;10.05788;-2.90396;-0.32932;-0.31890;-0.16498;-0.13169;
27.83960;10.11536;-2.91833;-0.19699;-0.32117;-0.18682;-0.13236;
27.84745;10.10099;-2.91175;-0.28561;-0.31930;-0.23555;-0.13369;
27.85529;10.06148;-2.90216;-0.18561;-0.31491;-0.29600;-0.13369;
27.86313;10.08842;-2.95186;-0.28441;-0.31544;-0.31145;-0.13462;
27.87098;10.15668;-2.99677;-0.23052;-0.30532;-0.33595;-0.13742;
27.87882;10.16806;-2.92192;-0.19160;-0.30452;-0.35898;-0.13355;
27.88666;10.11297;-2.86983;-0.34668;-0.30412;-0.36324;-0.13502;
27.89448;10.09621;-2.88420;-0.35626;-0.30426;-0.34194;-0.13915;
27.90231;10.13692;-2.92192;-0.26405;-0.30106;-0.28788;-0.14381;
27.91013;10.17823;-2.90815;-0.26824;-0.30692;-0.26032;-0.14274;
27.91796;10.15548;-2.90276;-0.31435;-0.31238;-0.21531;-0.13781;
27.92581;10.12255;-2.89378;-0.36883;-0.31797;-0.17590;-0.13821;
27.93366;10.12734;-2.92073;-0.28800;-0.32197;-0.15339;-0.14008;
27.94149;10.13572;-2.91953;-0.31195;-0.32436;-0.12676;-0.14061;
27.94935;10.10399;-2.92013;-0.33411;-0.32396;-0.12397;-0.13968;
27.95718;10.12255;-2.92372;-0.42033;-0.31970;-0.12130;-0.14434;
27.96501;10.11357;-2.89977;-0.39578;-0.31731;-0.11558;-0.14780;
27.97284;10.13632;-2.90336;-0.40835;-0.31358;-0.09334;-0.15379;
27.98067;10.12914;-2.88420;-0.36883;-0.31464;-0.08402;-0.15379;
27.98851;10.12554;-2.90097;-0.31135;-0.31571;-0.08628;-0.15393;
27.99635;10.09441;-2.90935;-0.37841;-0.31358;-0.08535;-0.14860;
28.00417;10.11477;-2.90875;-0.34009;-0.31145;-0.08109;-0.15100;
28.01199;10.12135;-2.90875;-0.31075;-0.30865;-0.06338;-0.15193;
28.01981;10.11177;-2.87043;-0.34668;-0.30612;-0.06232;-0.15259;
28.02764;10.13512;-2.92312;-0.28980;-0.30599;-0.06897;-0.15100;
28.03546;10.13033;-2.92073;-0.27842;-0.30239;-0.06871;-0.14873;
28.04328;10.11656;-2.93210;-0.37063;-0.30040;-0.06085;-0.14753;
28.05109;10.07764;-2.91893;-0.40176;-0.29294;-0.05872;-0.15379;
28.05891;10.06208;-2.92192;-0.35566;-0.28988;-0.06831;-0.15646;
28.06673;10.08603;-2.90336;-0.31495;-0.28668;-0.08788;-0.16045;
28.07454;10.07525;-2.89618;-0.35566;-0.28628;-0.09813;-0.16391;
28.08236;10.07465;-2.92192;-0.39638;-0.28202;-0.11345;-0.16897;
28.09019;10.08782;-2.88600;-0.32273;-0.27976;-0.11438;-0.17243;
28.09801;10.16865;-2.89678;-0.25746;-0.28082;-0.11052;-0.17270;
28.10583;10.17285;-2.90396;-0.24968;-0.28149;-0.10080;-0.16484;
28.11365;10.13273;-2.86504;-0.41673;-0.27510;-0.10013;-0.16138;
28.12150;10.18662;-2.86325;-0.28261;-0.26751;-0.10106;-0.15712;
28.12935;10.23691;-2.88720;-0.24609;-0.26524;-0.10359;-0.14913;
28.13718;10.24589;-2.89678;-0.27183;-0.26697;-0.12983;-0.12996;
28.14501;10.25967;-2.90516;-0.27363;-0.26924;-0.14647;-0.11957;
28.15287;10.28002;-2.88300;-0.26944;-0.27843;-0.17270;-0.09587;
28.16067;10.27883;-2.90216;-0.29578;-0.29227;-0.19387;-0.06525;
28.16850;10.30038;-2.91773;-0.22453;-0.29680;-0.20745;-0.05020;
28.17630;10.25068;-2.92791;-0.32812;-0.30346;-0.24740;-0.02423;
28.18412;10.23631;-2.92073;-0.35386;-0.30532;-0.26564;-0.01691;
28.19195;10.24949;-2.94348;-0.28561;-0.30958;-0.27456;0.00146;
28.19975;10.23691;-2.94647;-0.25208;-0.31464;-0.27763;0.01145;
28.20758;10.17943;-2.97821;-0.30716;-0.32303;-0.29107;0.02690;
28.21539;10.17764;-2.96623;-0.30596;-0.33382;-0.31118;0.04061;
28.22320;10.13393;-2.98539;-0.30656;-0.33661;-0.32303;0.04461;
28.23102;10.12794;-3.08119;-0.44428;-0.34793;-0.34221;0.04727;
28.23884;10.10219;-3.05605;-0.45026;-0.35099;-0.34953;0.04288;
28.24664;10.02016;-2.99018;-0.41853;-0.34873;-0.34687;0.03435;
28.25445;9.96927;-2.98599;-0.44368;-0.34833;-0.32157;0.02557;
28.26221;9.92616;-3.00874;-0.56343;-0.34487;-0.25006;-0.00133;
28.26996;9.89802;-3.04587;-0.45805;-0.34114;-0.22503;-0.01585;
28.27772;9.88963;-3.05844;-0.52032;-0.32969;-0.20452;-0.04700;
28.28548;9.92556;-3.04527;-0.47182;-0.32103;-0.19281;-0.07869;
28.29326;9.91778;-3.05964;-0.46224;-0.32157;-0.17883;-0.09161;
28.30105;9.90880;-3.07940;-0.49757;-0.32676;-0.15393;-0.12250;
28.30882;9.92197;-3.08359;-0.51373;-0.33022;-0.14580;-0.13968;
28.31659;9.95370;-3.07101;-0.40715;-0.34327;-0.11172;-0.17164;
28.32436;10.00819;-3.07521;-0.35147;-0.35033;-0.08176;-0.18455;
28.33219;9.98424;-3.09616;-0.40835;-0.36298;-0.02636;-0.20705;
28.33994;9.98124;-3.06742;-0.42811;-0.37137;0.01371;-0.22796;
28.34769;10.03453;-3.06443;-0.39937;-0.37736;0.03369;-0.23635;
28.35550;10.02795;-3.06682;-0.45206;-0.39227;0.07284;-0.25219;
28.36330;9.99322;-3.03150;-0.47721;-0.39334;0.08522;-0.26138;
28.37106;10.06687;-3.04527;-0.36045;-0.39134;0.09041;-0.27523;
28.37885;10.08902;-3.01593;-0.31435;-0.39174;0.08216;-0.27936;
28.38666;10.09680;-3.01293;-0.35446;-0.39054;0.05806;-0.28522;
28.39445;10.08722;-3.01413;-0.43110;-0.38974;0.04194;-0.28934;
28.40226;10.07884;-2.99916;-0.38799;-0.38828;0.03276;-0.29680;
28.41006;10.11836;-2.98958;-0.37961;-0.38961;0.03662;-0.30066;
28.41785;10.15309;-2.98060;-0.31614;-0.39201;0.04101;-0.29720;
28.42566;10.13093;-2.97162;-0.33770;-0.39107;0.05220;-0.29147;
28.43347;10.12974;-2.92791;-0.39697;-0.38735;0.05260;-0.28908;
28.44128;10.16327;-2.91893;-0.34009;-0.38468;0.03981;-0.28522;
28.44909;10.18183;-2.90815;-0.26405;-0.38202;0.02543;-0.27976;
28.45688;10.20578;-2.95665;-0.33770;-0.37390;-0.01358;-0.25965;
28.46470;10.18362;-2.95126;-0.40955;-0.36964;-0.03955;-0.25193;
28.47253;10.18542;-2.89917;-0.38440;-0.35952;-0.09547;-0.23808;
28.48035;10.20638;-2.89498;-0.38799;-0.34340;-0.13848;-0.22423;
28.48817;10.22673;-2.87462;-0.37123;-0.33741;-0.15526;-0.21518;
28.49602;10.24170;-2.88660;-0.28980;-0.32570;-0.16591;-0.19294;
28.50384;10.24769;-2.88540;-0.25986;-0.32143;-0.16018;-0.18255;
28.51168;10.24530;-2.89917;-0.32991;-0.31531;-0.14301;-0.16005;
28.51952;10.22494;-2.88001;-0.30836;-0.31371;-0.13182;-0.15073;
28.52735;10.19560;-2.89199;-0.30297;-0.30372;-0.11025;-0.13728;
28.53518;10.16985;-2.88121;-0.30896;-0.29467;-0.08748;-0.12503;
28.54301;10.15848;-2.89438;-0.27902;-0.29001;-0.08043;-0.11931;
28.55083;10.13991;-2.90157;-0.33051;-0.28002;-0.08562;-0.11398;
28.55865;10.12255;-2.88420;-0.31375;-0.27763;-0.09640;-0.11358;
28.56648;10.07525;-2.87402;-0.36524;-0.27017;-0.10985;-0.11438;
28.57431;10.06387;-2.88241;-0.34129;-0.26604;-0.11957;-0.11678;
28.58214;10.07465;-2.88600;-0.28561;-0.25792;-0.14141;-0.12423;
28.58996;10.03393;-2.89378;-0.30836;-0.25179;-0.15100;-0.13089;
28.59778;10.06507;-2.88300;-0.31135;-0.24820;-0.14953;-0.13528;
28.60561;10.05250;-2.87402;-0.30237;-0.24048;-0.13875;-0.14474;
28.61343;10.06866;-2.88839;-0.22992;-0.24008;-0.12889;-0.14980;
28.62125;10.13632;-2.89378;-0.14669;-0.24460;-0.10240;-0.15552;
28.62910;10.11536;-2.87223;-0.17065;-0.25086;-0.08828;-0.15486;
28.63693;10.10279;-2.90216;-0.19280;-0.26378;-0.07457;-0.15646;
28.64476;10.12315;-2.87941;-0.17364;-0.27629;-0.07430;-0.15792;
28.65261;10.10818;-2.84349;-0.19220;-0.27949;-0.07004;-0.15819;
28.66044;10.11177;-2.87582;-0.21974;-0.28628;-0.06285;-0.16058;
28.66826;10.09860;-2.86085;-0.25986;-0.29001;-0.06511;-0.16245;
28.67606;10.08483;-2.86684;-0.21316;-0.29640;-0.07656;-0.16817;
28.68389;10.07705;-2.87043;-0.22274;-0.30093;-0.08322;-0.16924;
28.69171;10.08183;-2.84648;-0.28740;-0.30972;-0.09560;-0.17417;
28.69953;10.09321;-2.87881;-0.26405;-0.31278;-0.09853;-0.17723;
28.70735;10.12135;-2.87223;-0.21795;-0.31371;-0.10240;-0.18096;
28.71519;10.13572;-2.88899;-0.25687;-0.31265;-0.10679;-0.17723;
28.72303;10.15189;-2.86744;-0.23112;-0.31344;-0.10865;-0.17483;
28.73087;10.18063;-2.87941;-0.25148;-0.31158;-0.11092;-0.16804;
28.73870;10.18063;-2.86863;-0.19340;-0.31225;-0.11425;-0.16271;
28.74655;10.18302;-2.86025;-0.22693;-0.31318;-0.11851;-0.15086;
28.75440;10.17285;-2.85666;-0.21435;-0.31571;-0.11944;-0.14540;
28.76224;10.16386;-2.85247;-0.22094;-0.32064;-0.12024;-0.13435;
28.77007;10.13632;-2.87881;-0.26285;-0.31491;-0.12743;-0.12876;
28.77791;10.14351;-2.87522;-0.26405;-0.31597;-0.13994;-0.12929;
28.78577;10.11896;-2.86205;-0.19460;-0.31837;-0.15526;-0.12743;
28.79362;10.09980;-2.86923;-0.18681;-0.31890;-0.15872;-0.12516;
28.80145;10.05489;-2.86145;-0.32812;-0.31904;-0.16884;-0.12756;
28.80929;10.08423;-2.85007;-0.29698;-0.31797;-0.16431;-0.13089;
28.81711;10.12495;-2.84708;-0.23711;-0.31305;-0.14527;-0.13369;
28.82497;10.12614;-2.86025;-0.23771;-0.31225;-0.14048;-0.13475;
28.83282;10.12195;-2.87402;-0.26166;-0.31171;-0.14168;-0.13462;
28.84067;10.13692;-2.89318;-0.20777;-0.30985;-0.13062;-0.13608;
28.84849;10.16207;-2.89378;-0.22573;-0.31171;-0.11917;-0.13382;
28.85634;10.11417;-2.84588;-0.21376;-0.31504;-0.09893;-0.13142;
28.86418;10.11237;-2.85606;-0.23531;-0.31544;-0.09840;-0.13209;
28.87201;10.10758;-2.88480;-0.20777;-0.32064;-0.09161;-0.13169;
28.87984;10.11357;-2.86564;-0.21376;-0.32623;-0.08562;-0.13076;
28.88768;10.04411;-2.87642;-0.23112;-0.32596;-0.08935;-0.13116;
28.89553;10.09201;-2.89318;-0.23052;-0.32356;-0.10053;-0.13941;
28.90335;10.07046;-2.86684;-0.26225;-0.32237;-0.10666;-0.14101;
28.91117;10.06447;-2.84109;-0.24190;-0.31784;-0.11385;-0.14847;
28.91901;10.03992;-2.87642;-0.25627;-0.31691;-0.11931;-0.15339;
28.92686;10.08243;-2.86384;-0.24250;-0.31251;-0.12050;-0.15978;
28.93469;10.11716;-2.86744;-0.21495;-0.31238;-0.09054;-0.16285;
28.94253;10.16746;-2.89498;-0.15208;-0.31238;-0.06871;-0.16218;
28.95036;10.10279;-2.87043;-0.20477;-0.31171;-0.03595;-0.16005;
28.95818;10.08782;-2.86025;-0.24130;-0.30838;-0.02344;-0.16205;
28.96599;10.11956;-2.86983;-0.18921;-0.30199;0.00013;-0.16658;
28.97380;10.13812;-2.86744;-0.16226;-0.30199;0.00599;-0.16484;
28.98160;10.13273;-2.88061;-0.18322;-0.30466;0.00320;-0.15752;
28.98941;10.12135;-2.86085;-0.21136;-0.30612;-0.00839;-0.15326;
28.99724;10.11357;-2.86025;-0.24908;-0.30812;-0.03702;-0.15153;
29.00506;10.10938;-2.86744;-0.25567;-0.30213;-0.06418;-0.15046;
29.01288;10.13033;-2.87881;-0.24369;-0.30093;-0.07763;-0.14740;
29.02070;10.12554;-2.87103;-0.19819;-0.29294;-0.09481;-0.14394;
29.02852;10.11716;-2.83810;-0.17663;-0.29041;-0.10080;-0.14234;
29.03633;10.13333;-2.85067;-0.12993;-0.28349;-0.12104;-0.13901;
29.04417;10.10998;-2.87522;-0.14071;-0.28269;-0.13169;-0.13728;
29.05201;10.08543;-2.84768;-0.20418;-0.28455;-0.14221;-0.13435;
29.05985;10.11177;-2.85606;-0.19759;-0.27989;-0.14048;-0.13688;
29.06768;10.13512;-2.86624;-0.09820;-0.27976;-0.13156;-0.13821;
29.07553;10.11656;-2.85846;-0.16645;-0.28269;-0.09720;-0.13715;
29.08335;10.10698;-2.85666;-0.14789;-0.28442;-0.07430;-0.13555;
29.09117;10.12375;-2.84468;-0.25327;-0.28668;-0.03289;-0.13994;
29.09900;10.14530;-2.87043;0.11556;-0.28628;-0.01824;-0.13901;
29.10679;10.15488;-2.84708;-0.02994;-0.29853;0.02117;-0.13302;
29.11459;10.09980;-2.84828;-0.12095;-0.31118;0.04487;-0.13302;
29.12238;10.10279;-2.86444;0.04491;-0.31118;0.04168;-0.13116;
29.13016;10.09082;-2.84888;-0.06946;-0.32024;0.03808;-0.12956;
29.13797;10.13153;-2.86025;-0.19280;-0.32436;0.03808;-0.12996;
29.14578;10.04771;-2.84888;-0.06347;-0.32623;0.03742;-0.13409;
29.15358;10.04471;-2.84528;-0.11736;-0.32516;0.04367;-0.13595;
29.16140;10.09201;-2.85247;-0.12514;-0.31877;0.06631;-0.14327;
29.16922;10.11177;-2.88540;0.08023;-0.31451;0.08136;-0.14421;
29.17700;10.10459;-2.87522;0.02575;-0.30772;0.10666;-0.14540;
29.18476;10.17105;-2.84947;0.00359;-0.30652;0.13182;-0.14301;
29.19251;10.07465;-2.89618;0.08742;-0.30399;0.14008;-0.14234;
29.20027;10.10219;-2.87462;-0.06227;-0.29946;0.14367;-0.14367;
29.20808;10.09022;-2.86205;0.04371;-0.29827;0.14114;-0.14221;
29.21585;10.10339;-2.85127;0.10658;-0.30080;0.13462;-0.14021;
29.22361;10.09381;-2.84888;0.15268;-0.30679;0.13342;-0.13848;
29.23139;10.11297;-2.87702;0.19220;-0.31371;0.11731;-0.13702;
29.23918;10.09022;-2.85905;0.08981;-0.31597;0.11624;-0.13502;
29.24694;10.06806;-2.84648;0.20537;-0.32370;0.13861;-0.13089;
29.25472;10.14650;-2.87762;0.17184;-0.31957;0.14487;-0.12743;
29.26252;10.09980;-2.87103;0.22753;-0.32356;0.14101;-0.12716;
29.27030;10.07944;-2.87402;0.28501;-0.32436;0.16258;-0.12743;
29.27807;10.11177;-2.87342;0.35925;-0.31970;0.17044;-0.12610;
29.28585;10.13692;-2.83690;0.42871;-0.33115;0.14927;-0.11904;
29.29365;10.11956;-2.85786;0.36943;-0.34407;0.14461;-0.11331;
29.30143;10.06148;-2.88600;0.28022;-0.36018;0.15632;-0.11092;
29.30918;10.05908;-2.89259;0.29698;-0.36018;0.15592;-0.11185;
29.31694;10.00879;-2.88780;0.26046;-0.35246;0.15552;-0.11957;
29.32472;9.94891;-2.88360;0.18262;-0.33581;0.16737;-0.13275;
29.33245;10.00340;-2.86564;0.36285;-0.32530;0.17630;-0.14061;
29.34023;10.04052;-2.86025;0.44068;-0.30612;0.21771;-0.14447;
29.34800;10.00519;-2.82313;0.36704;-0.30026;0.24527;-0.14820;
29.35575;10.04531;-2.86205;0.31614;-0.28375;0.30599;-0.15632;
29.36353;10.06627;-2.87522;0.58498;-0.27896;0.35059;-0.15939;
29.37131;10.11177;-2.89438;0.64905;-0.28948;0.37922;-0.15379;
29.37910;10.11896;-2.86564;0.75563;-0.29693;0.36085;-0.14647;
29.38689;10.12435;-2.90396;0.83526;-0.31904;0.30785;-0.13102;
29.39467;10.05968;-2.90815;0.73228;-0.33954;0.27203;-0.11837;
29.40245;9.97346;-2.88241;0.54307;-0.33382;0.26431;-0.11984;
29.41017;9.97047;-2.86205;0.64426;-0.32463;0.26338;-0.13036;
29.41789;10.03513;-2.86983;0.80233;-0.32543;0.26657;-0.13315;
29.42568;10.02615;-2.86684;0.72988;-0.32490;0.28655;-0.13582;
29.43346;9.97825;-2.86624;0.80832;-0.32516;0.29627;-0.13568;
29.44120;9.97226;-2.85965;0.87897;-0.31850;0.29800;-0.14261;
29.44892;10.00639;-2.88959;1.00890;-0.31611;0.29241;-0.14261;
29.45668;10.05190;-2.89079;1.05920;-0.32356;0.27629;-0.13542;
29.46445;10.05369;-2.88420;0.97956;-0.33155;0.23795;-0.12716;
29.47223;9.99741;-2.86684;0.95741;-0.33169;0.21904;-0.12623;
29.47996;10.05309;-2.87283;1.01369;-0.33661;0.21984;-0.12184;
29.48775;10.04890;-2.91234;1.06818;-0.34274;0.23182;-0.11811;
29.49552;9.93574;-2.90276;0.93466;-0.34780;0.26125;-0.11212;
29.50325;9.94173;-2.88839;0.88735;-0.34314;0.27629;-0.11371;
29.51098;9.89981;-2.87582;0.90831;-0.32263;0.30333;-0.12263;
29.51870;9.94352;-2.86804;0.91250;-0.31318;0.31145;-0.12849;
29.52643;9.94352;-2.88660;1.07716;-0.29241;0.32223;-0.13688;
29.53417;9.94292;-2.88480;1.32744;-0.29307;0.34301;-0.13355;
29.54189;10.03992;-2.89199;1.58371;-0.30506;0.34713;-0.12690;
29.54967;10.01238;-2.89498;1.57413;-0.33262;0.32596;-0.11092;
29.55746;9.97765;-2.90157;1.29211;-0.33715;0.31651;-0.10852;
29.56517;9.96089;-2.86863;1.31546;-0.33848;0.34780;-0.10692;
29.57289;9.94113;-2.93270;1.27595;-0.33848;0.38721;-0.10586;
29.58061;9.87886;-2.91833;1.19152;-0.32143;0.46018;-0.10732;
29.58832;9.83395;-2.92552;1.33343;-0.30918;0.48561;-0.11092;
29.59605;9.91418;-2.92372;1.37414;-0.27922;0.49693;-0.11558;
29.60377;9.84652;-2.87762;1.36756;-0.26538;0.50599;-0.11638;
29.61150;9.83335;-2.87702;1.58730;-0.24753;0.52569;-0.12330;
29.61924;9.89921;-2.90516;1.62622;-0.24261;0.57057;-0.12024;
29.62697;9.87467;-2.90576;1.80046;-0.24381;0.58535;-0.11864;
29.63471;9.85131;-2.87283;1.86033;-0.25139;0.56684;-0.10945;
29.64244;9.86568;-2.96444;1.84955;-0.25193;0.55552;-0.10413;
29.65016;9.84293;-2.91713;1.81243;-0.23928;0.55432;-0.09720;
29.65787;9.73755;-2.92851;1.86871;-0.23755;0.55246;-0.09494;
29.66559;9.73815;-2.86325;1.93278;-0.23262;0.52649;-0.10359;
29.67333;9.71779;-2.87881;1.90883;-0.23435;0.50252;-0.10639;
29.68106;9.73935;-2.89917;2.25611;-0.24154;0.48402;-0.10919;
29.68879;9.78725;-2.91294;2.39083;-0.25392;0.49294;-0.10759;
29.69651;9.75851;-2.93929;2.29982;-0.28748;0.51384;-0.10093;
29.70425;9.72797;-2.91474;2.21420;-0.30732;0.55073;-0.10133;
29.71197;9.68546;-2.89318;2.31898;-0.31145;0.58881;-0.10146;
29.71970;9.63756;-2.93210;2.34173;-0.30559;0.68042;-0.10160;
29.72741;9.60463;-2.94827;2.28784;-0.29986;0.71411;-0.10253;
29.73514;9.59804;-2.93629;2.31838;-0.27416;0.72942;-0.10972;
29.74287;9.61900;-2.94528;2.40101;-0.26165;0.72090;-0.11145;
29.75058;9.59205;-2.95725;2.59021;-0.25419;0.70718;-0.11345;
29.75829;9.60463;-2.95545;2.52076;-0.24860;0.69680;-0.10932;
29.76600;9.59265;-2.90935;2.65308;-0.24460;0.68614;-0.10706;
29.77370;9.52739;-2.90696;2.81056;-0.25299;0.69120;-0.10559;
29.78141;9.56212;-2.92013;2.89259;-0.27230;0.68841;-0.09720;
29.78913;9.52200;-2.94528;2.92252;-0.29147;0.68814;-0.08881;
29.79685;9.43758;-2.95246;2.95426;-0.29201;0.70652;-0.08322;
29.80459;9.45793;-2.96264;2.94707;-0.29294;0.77363;-0.07869;
29.81230;9.37171;-2.93929;3.07820;-0.28908;0.79639;-0.07696;
29.82002;9.32561;-2.93270;3.08119;-0.27163;0.76723;-0.08562;
29.82773;9.35135;-2.92073;3.16442;-0.26325;0.75312;-0.08682;
29.83546;9.32082;-2.94108;3.30273;-0.25313;0.75379;-0.09174;
29.84318;9.33339;-2.95545;3.30453;-0.25179;0.74899;-0.09108;
29.85091;9.32980;-2.94408;3.42787;-0.25725;0.72702;-0.08682;
29.85862;9.31243;-2.97940;3.39015;-0.26258;0.71704;-0.08469;
29.86634;9.23041;-2.94947;3.25543;-0.26165;0.69533;-0.07776;
29.87407;9.17472;-2.96084;3.29495;-0.24221;0.69040;-0.07896;
29.88179;9.16813;-2.95306;3.55960;-0.23715;0.69147;-0.07909;
29.88951;9.11485;-2.98419;3.62247;-0.22596;0.67802;-0.08122;
29.89724;9.12383;-2.94707;3.69911;-0.22170;0.67416;-0.08216;
29.90499;9.09748;-2.91833;3.74342;-0.21811;0.70811;-0.08202;
29.91270;9.12083;-2.95965;3.90508;-0.22357;0.73847;-0.08269;
29.92042;9.07772;-2.99617;3.99729;-0.23195;0.76138;-0.07710;
29.92814;9.05138;-3.01114;4.03920;-0.23875;0.74926;-0.07377;
29.93586;8.96635;-2.98479;4.09009;-0.25672;0.72569;-0.07150;
29.94357;8.93702;-2.97701;4.06555;-0.26591;0.72929;-0.07217;
29.95129;8.91007;-2.96683;4.08471;-0.27376;0.76058;-0.07869;
29.95899;8.85858;-2.94947;4.10027;-0.27749;0.78654;-0.08509;
29.96670;8.79571;-2.97701;4.27870;-0.27936;0.78281;-0.08708;
29.97440;8.74721;-2.98659;4.33379;-0.27603;0.75525;-0.09054;
29.98211;8.76218;-2.95665;4.34516;-0.27376;0.75126;-0.09054;
29.98983;8.77176;-2.98839;4.59245;-0.28375;0.75725;-0.08988;
29.99755;8.72625;-2.97940;4.74154;-0.29254;0.76404;-0.08935;
30.00527;8.67057;-2.99737;4.59904;-0.31331;0.73727;-0.08535;
30.01298;8.65321;-3.00156;4.65113;-0.31784;0.72609;-0.08375;
30.02070;8.55082;-3.02910;4.68945;-0.31584;0.72542;-0.07856;
30.02842;8.56399;-3.05006;4.74573;-0.31731;0.72489;-0.07164;
30.03613;8.60830;-2.94947;4.75771;-0.31717;0.73940;-0.06564;
30.04385;8.57537;-2.99258;4.63077;-0.32450;0.71317;-0.07124;
30.05156;8.47478;-3.01653;4.66909;-0.31877;0.69480;-0.07550;
30.05927;8.47717;-3.02850;4.70322;-0.29254;0.65206;-0.07750;
30.06698;8.37419;-3.07161;4.84512;-0.27723;0.62343;-0.07523;
30.07470;8.42508;-3.03988;4.89063;-0.24687;0.64114;-0.07190;
30.08240;8.39454;-3.06084;5.02415;-0.23542;0.67030;-0.07110;
30.09010;8.23288;-3.03389;5.17923;-0.22077;0.67789;-0.06658;
30.09782;8.24485;-3.05485;5.15408;-0.21411;0.65499;-0.06258;
30.10553;8.26641;-2.97821;5.10678;-0.21731;0.61411;-0.06192;
30.11326;8.19037;-2.98539;5.37622;-0.22783;0.60598;-0.06431;
30.12100;8.11373;-3.01174;5.39957;-0.24807;0.59520;-0.06698;
30.12871;8.18139;-2.96982;5.37083;-0.25912;0.59600;-0.06218;
30.13645;7.99877;-3.05245;5.49118;-0.28415;0.58641;-0.05779;
30.14417;8.04786;-3.01892;5.43849;-0.30239;0.57616;-0.05473;
30.15188;8.11552;-2.97940;5.37682;-0.31105;0.59280;-0.05619;
30.15961;7.97601;-3.04706;5.43729;-0.32889;0.55192;-0.06152;
30.16731;8.04427;-3.03150;5.49777;-0.32317;0.52982;-0.05712;
30.17504;7.94907;-3.07461;5.55225;-0.31850;0.52303;-0.05406;
30.18273;7.94608;-3.06263;5.60734;-0.31464;0.52662;-0.05393;
30.19045;7.87662;-3.07521;5.69775;-0.30825;0.57003;-0.05033;
30.19816;7.77363;-3.06922;5.71512;-0.30852;0.56750;-0.04794;
30.20587;7.74789;-3.07281;5.66063;-0.31105;0.51650;-0.04780;
30.21357;7.71735;-3.04886;5.65404;-0.30612;0.47629;-0.05007;
30.22128;7.70178;-3.08179;5.81511;-0.28828;0.39467;-0.05992;
30.22900;7.72214;-3.11113;5.76840;-0.27616;0.38069;-0.06312;
30.23674;7.69879;-3.11652;5.80672;-0.27456;0.38748;-0.06325;
30.24446;7.67245;-3.11472;5.86540;-0.26431;0.38482;-0.06604;
30.25220;7.67185;-3.07461;5.96240;-0.25912;0.37909;-0.06644;
30.25992;7.62095;-3.08419;5.98875;-0.25952;0.36085;-0.06738;
30.26763;7.59461;-3.10933;5.97677;-0.25952;0.35179;-0.06844;
30.27535;7.55868;-3.10395;5.97677;-0.25246;0.34141;-0.06684;
30.28306;7.55150;-3.08479;6.02946;-0.24873;0.33728;-0.06538;
30.29077;7.55748;-3.08598;6.03964;-0.24913;0.34327;-0.06604;
30.29846;7.54252;-3.09975;6.16658;-0.25126;0.35952;-0.06511;
30.30619;7.46228;-3.13388;6.17137;-0.25619;0.38854;-0.06604;
30.31391;7.49521;-3.09077;6.17376;-0.25739;0.40825;-0.06791;
30.32163;7.42396;-3.13089;6.24681;-0.26431;0.42423;-0.06844;
30.32936;7.40001;-3.09317;6.28094;-0.28522;0.44806;-0.06631;
30.33708;7.37247;-3.10993;6.24382;-0.29467;0.45605;-0.06684;
30.34480;7.32217;-3.10574;6.32764;-0.30466;0.46764;-0.06778;
30.35252;7.32636;-3.09856;6.31088;-0.30679;0.47230;-0.06658;
30.36025;7.23655;-3.18178;6.40249;-0.30932;0.48468;-0.06604;
30.36797;7.22158;-3.23268;6.37494;-0.30466;0.47829;-0.06192;
30.37569;7.21619;-3.06682;6.38153;-0.30546;0.46271;-0.06498;
30.38340;7.21380;-3.08898;6.41266;-0.30865;0.45459;-0.06937;
30.39110;7.18326;-3.12550;6.43542;-0.30053;0.46790;-0.07244;
30.39881;7.09884;-3.14286;6.56654;-0.29507;0.50266;-0.07230;
30.40651;7.05214;-3.12131;6.63121;-0.30106;0.52370;-0.07150;
30.41423;7.08207;-3.10514;6.57373;-0.32130;0.58308;-0.07084;
30.42192;6.98507;-3.11712;6.64558;-0.32822;0.61118;-0.07097;
30.42964;7.33774;-3.09736;6.58451;-0.34540;0.75578;-0.06857;
30.43737;6.71144;-3.18238;6.91622;-0.34593;0.90478;-0.07736;
30.44510;6.95035;-3.15244;6.73240;-0.33795;1.08268;-0.06604;
30.45283;6.96292;-3.11772;6.69647;-0.35619;1.14339;-0.06817;
30.46057;6.70366;-3.13089;6.60247;-0.32490;1.06923;-0.07590;
30.46828;6.36297;-3.19496;6.96532;-0.31131;0.95884;-0.07616;
30.47600;6.65396;-3.15304;6.87670;-0.28974;0.75964;-0.07430;
30.48371;6.50787;-3.20094;6.94137;-0.30945;0.63874;-0.08682;
30.49141;6.06539;-3.26202;7.74729;-0.31597;0.61717;-0.08695;
30.49913;6.69049;-3.14107;6.87850;-0.33568;0.73714;-0.08668;
30.50684;6.53182;-3.18298;7.11979;-0.34221;0.78854;-0.08841;
30.51457;6.46416;-3.15364;7.15931;-0.33075;0.82729;-0.09321;
30.52230;6.16897;-3.13867;7.32217;-0.32556;0.81344;-0.09560;
30.53002;6.29591;-3.14885;7.00364;-0.32516;0.72942;-0.10839;
30.53775;5.99533;-3.20933;7.38145;-0.32423;0.68481;-0.11438;
30.54547;6.47913;-3.14227;7.11920;-0.31531;0.64034;-0.10772;
30.55321;5.92588;-3.25962;7.63532;-0.31877;0.67629;-0.11238;
30.56094;6.12945;-3.18178;7.31978;-0.30333;0.73421;-0.10732;
30.56865;6.03605;-3.19076;7.39702;-0.28841;0.72769;-0.11012;
30.57636;5.80134;-3.17220;7.43833;-0.28002;0.67975;-0.11105;
30.58408;5.75823;-3.18897;7.60838;-0.25392;0.57563;-0.11158;
30.59180;5.82169;-3.16202;7.52755;-0.24607;0.56524;-0.11132;
30.59953;5.75224;-3.21651;7.74310;-0.23755;0.62503;-0.11238;
30.60726;5.64925;-3.21531;7.71735;-0.23688;0.65818;-0.11198;
30.61499;5.63548;-3.21292;7.67724;-0.24354;0.67815;-0.10892;
30.62274;5.72290;-3.15484;7.75567;-0.24434;0.66777;-0.10825;
30.63047;5.82050;-3.13388;7.69220;-0.25912;0.70518;-0.10426;
30.63820;5.53070;-3.13748;7.90776;-0.26857;0.74806;-0.10812;
30.64591;5.65943;-3.14586;7.68203;-0.27084;0.81597;-0.09760;
30.65363;5.34089;-3.17580;7.96703;-0.27297;0.82582;-0.09507;
30.66133;5.42592;-3.14466;7.90297;-0.27536;0.81291;-0.09467;
30.66906;5.22593;-3.18717;7.96105;-0.27763;0.80851;-0.09094;
30.67677;5.30676;-3.17400;7.90057;-0.28122;0.83381;-0.09467;
30.68447;5.24988;-3.17759;7.94428;-0.29134;0.86790;-0.09521;
30.69219;5.22533;-3.16562;7.92692;-0.29374;0.86390;-0.09920;
30.69992;5.26006;-3.17460;7.93171;-0.29214;0.86457;-0.10160;
30.70762;5.09540;-3.18897;8.22091;-0.29254;0.92196;-0.10306;
30.71532;5.03433;-3.14466;8.07840;-0.29307;1.05951;-0.09614;
30.72305;4.92236;-3.15424;8.08379;-0.29693;1.09533;-0.10146;
30.73078;4.71639;-3.16202;8.15744;-0.29600;1.05631;-0.10453;
30.73850;4.57449;-3.15903;8.28976;-0.29174;1.00864;-0.09880;
30.74621;4.63616;-3.13328;8.23947;-0.29187;0.99067;-0.09893;
30.75394;4.37031;-3.16322;8.30413;-0.28708;0.92223;-0.09414;
30.76166;4.51401;-3.17340;8.32569;-0.28468;0.91117;-0.08815;
30.76938;4.17153;-3.20813;8.51130;-0.27110;0.88974;-0.08269;
30.77710;4.49306;-3.18657;8.44843;-0.26404;0.86151;-0.06857;
30.78481;4.07513;-3.16143;8.52807;-0.27150;0.84966;-0.06698;
30.79253;4.03920;-3.14047;8.59872;-0.27696;0.85698;-0.06671;
30.80023;3.97513;-3.15185;8.62806;-0.29187;0.91290;-0.07483;
30.80794;4.01645;-3.13748;8.59572;-0.29893;0.94393;-0.07936;
30.81565;3.87275;-3.15125;8.58255;-0.31038;1.00518;-0.08442;
30.82339;3.77455;-3.12849;8.75440;-0.32090;1.04726;-0.09534;
30.83111;3.87454;-3.17999;8.55381;-0.32183;1.05724;-0.09880;
30.83884;3.64642;-3.18897;8.70230;-0.31877;1.08547;-0.10319;
30.84658;3.66737;-3.20454;8.74062;-0.31957;1.11583;-0.09507;
30.85430;3.50631;-3.22430;8.84301;-0.30412;1.19932;-0.08602;
30.86201;3.44883;-3.19915;8.83044;-0.28961;1.25777;-0.07137;
30.86975;3.28417;-3.21232;8.85858;-0.28535;1.34086;-0.05726;
30.87750;3.17041;-3.16202;8.90468;-0.28122;1.36949;-0.04581;
30.88521;2.88780;-3.15963;9.05617;-0.27523;1.47189;-0.03888;
30.89294;3.11472;-3.13029;9.06216;-0.28122;1.54579;-0.03648;
30.90068;2.39143;-3.17819;9.16873;-0.29494;1.67321;-0.04607;
30.90840;3.00635;-3.13149;8.95977;-0.30040;1.68613;-0.04780;
30.91610;2.50040;-3.13209;8.99270;-0.30639;1.61183;-0.06072;
30.92383;2.42136;-3.17699;9.05018;-0.30612;1.42834;-0.06112;
30.93157;2.59620;-3.13688;9.15736;-0.29347;1.39093;-0.04980;
30.93930;2.24353;-3.17340;9.18310;-0.28322;1.43354;-0.04647;
30.94702;1.90883;-3.14167;9.24897;-0.27909;1.46296;-0.04847;
30.95475;2.01661;-3.22609;9.23939;-0.26897;1.57588;-0.02716;
30.96247;1.60466;-3.23926;9.38728;-0.26431;1.66416;-0.01664;
30.97020;1.65616;-3.17101;9.37770;-0.26311;1.81462;0.00626;
30.97790;1.76992;-3.15604;9.27471;-0.26671;1.87321;0.00053;
30.98560;1.29092;-3.14286;9.28130;-0.25579;1.94312;0.00266;
30.99330;1.19631;-3.15185;9.26034;-0.26618;1.87161;-0.00519;
31.00103;1.12027;-3.09437;9.11305;-0.26258;1.78879;-0.01358;
31.00876;0.84065;-3.10634;9.21723;-0.25752;1.59292;-0.05366;
31.01649;0.58678;-3.10993;9.34896;-0.25046;1.51516;-0.06098;
31.02422;0.68617;-3.13748;9.35914;-0.25739;1.43407;-0.07643;
31.03196;0.63348;-3.09676;9.29687;-0.25992;1.40664;-0.08562;
31.03968;0.53469;-3.13568;9.30824;-0.26498;1.37575;-0.10466;
31.04741;0.47601;-3.13807;9.29387;-0.26298;1.34392;-0.11052;
31.05514;0.44128;-3.10574;9.39925;-0.25925;1.26283;-0.10346;
31.06286;0.18921;-3.15125;9.28549;-0.26151;1.22968;-0.10173;
31.07060;0.21376;-3.13867;9.24298;-0.25299;1.14606;-0.09121;
31.07831;0.09101;-3.14825;9.26274;-0.24474;1.06057;-0.07843;
31.08604;-0.06886;-3.13748;9.34656;-0.24261;1.03168;-0.06724;
31.09380;0.00299;-3.12370;9.42979;-0.25712;1.06976;-0.06045;
31.10150;-0.11915;-3.10215;9.34956;-0.25219;1.13114;-0.06098;
31.10926;-0.49816;-3.07101;9.38069;-0.25326;1.24299;-0.06245;
31.11700;-0.50715;-3.06383;9.38728;-0.26018;1.29745;-0.06804;
31.12473;-0.60893;-3.06682;9.23400;-0.26072;1.38147;-0.07656;
31.13247;-0.85622;-3.05964;9.25256;-0.26458;1.36643;-0.07909;
31.14023;-0.85622;-3.05724;9.26274;-0.26058;1.28760;-0.07883;
31.14798;-0.88556;-3.09556;9.27890;-0.26112;1.27815;-0.07670;
31.15573;-1.01369;-3.06143;9.30345;-0.26897;1.26976;-0.07510;
31.16350;-1.01669;-3.04347;9.29986;-0.27909;1.33380;-0.08003;
31.17124;-1.01549;-3.05185;9.33758;-0.27843;1.38520;-0.08082;
31.17901;-1.43102;-3.04527;9.19089;-0.28362;1.46203;-0.08282;
31.18677;-1.73459;-3.09916;9.10946;-0.29227;1.50784;-0.08509;
31.19453;-1.67412;-3.03688;9.16694;-0.28588;1.49918;-0.08975;
31.20231;-2.04116;-3.05724;9.08012;-0.29081;1.46909;-0.09214;
31.21006;-1.95913;-3.01772;9.01545;-0.28961;1.42768;-0.09507;
31.21781;-2.02200;-3.05365;8.99749;-0.29467;1.34792;-0.09707;
31.22556;-2.06870;-3.02910;9.07293;-0.29321;1.19000;-0.09015;
31.23330;-2.28425;-3.05245;8.97474;-0.29400;1.10212;-0.07976;
31.24105;-2.16270;-3.04167;9.02204;-0.28894;1.08627;-0.07417;
31.24881;-2.34951;-3.05964;8.93103;-0.28828;1.06936;-0.06059;
31.25656;-2.55608;-3.05365;8.95318;-0.28868;1.05365;-0.04873;
31.26432;-2.64111;-3.05125;8.81607;-0.30825;1.11876;-0.02956;
31.27209;-2.63632;-3.01772;8.92085;-0.30865;1.15551;-0.02810;
31.27985;-2.66446;-3.00994;8.94001;-0.32596;1.17788;-0.03009;
31.28759;-2.93809;-2.97581;8.76757;-0.32902;1.18015;-0.03569;
31.29535;-2.88780;-2.97402;8.73164;-0.32077;1.26030;-0.03555;
31.30312;-2.77283;-2.98539;8.87774;-0.31478;1.40278;-0.02863;
31.31090;-3.03808;-2.97342;8.78912;-0.30998;1.44312;-0.02557;
31.31864;-3.22010;-2.98120;8.69332;-0.31012;1.45071;-0.01545;
31.32641;-3.20813;-3.00575;8.78194;-0.30559;1.44592;-0.01585;
31.33416;-3.45601;-3.01892;8.55501;-0.30665;1.42768;-0.00839;
31.34191;-3.38476;-2.99318;8.65500;-0.29933;1.43354;-0.00732;
31.34967;-3.83922;-2.98958;8.38796;-0.30372;1.46057;-0.01811;
31.35744;-3.70689;-2.98000;8.55501;-0.30625;1.45684;-0.02743;
31.36520;-3.98412;-2.98000;8.34604;-0.32143;1.44752;-0.03941;
31.37295;-3.92304;-2.97342;8.39035;-0.31957;1.45098;-0.03728;
31.38071;-4.02303;-2.98779;8.35443;-0.31744;1.46962;-0.03116;
31.38847;-4.27092;-2.97641;8.12391;-0.31131;1.55045;-0.02224;
31.39624;-4.25296;-2.97222;8.30473;-0.30838;1.58640;-0.02077;
31.40400;-4.44216;-2.97162;8.08798;-0.30759;1.55950;-0.01118;
31.41175;-4.56072;-2.96444;7.99458;-0.31012;1.53394;-0.00266;
31.41952;-4.72717;-2.95486;7.98979;-0.31012;1.48627;0.01505;
31.42727;-4.91159;-2.92192;7.86465;-0.30972;1.46004;0.01704;
31.43501;-5.06726;-2.93210;7.69939;-0.30785;1.32595;0.01145;
31.44274;-5.12055;-2.90097;7.79519;-0.30972;1.21303;0.00306;
31.45046;-5.11456;-2.92791;7.67185;-0.31877;1.05858;-0.01065;
31.45821;-5.11337;-2.92492;7.78860;-0.31544;1.01370;-0.02490;
31.46598;-5.22234;-2.91055;7.69759;-0.32183;1.01969;-0.03182;
31.47377;-5.26006;-2.89738;7.64371;-0.32543;1.09879;-0.04261;
31.48155;-5.29778;-2.89738;7.64311;-0.32436;1.16004;-0.04168;
31.48931;-5.50016;-2.91893;7.47725;-0.32929;1.24379;-0.04527;
31.49707;-5.63189;-2.88780;7.39223;-0.32729;1.22089;-0.05060;
31.50482;-5.66781;-2.91893;7.35391;-0.32383;1.14193;-0.05939;
31.51261;-5.56243;-2.88121;7.48444;-0.32410;1.12995;-0.06351;
31.52038;-5.64506;-2.89259;7.37906;-0.32729;1.13554;-0.06431;
31.52814;-5.81990;-2.88839;7.18386;-0.33289;1.09612;-0.05979;
31.53591;-5.99234;-2.89199;6.99166;-0.33422;1.06683;-0.05965;
31.54367;-5.94743;-2.88839;7.14075;-0.33142;1.07722;-0.06365;
31.55144;-5.89354;-2.89438;7.27068;-0.33235;1.10505;-0.06525;
31.55920;-5.92827;-2.91773;7.22098;-0.32916;1.17908;-0.05885;
31.56696;-6.25579;-2.89318;6.75934;-0.32689;1.20931;-0.05393;
31.57474;-6.37614;-2.88959;6.78090;-0.33222;1.20291;-0.04447;
31.58249;-6.30130;-2.88720;6.92041;-0.33328;1.16510;-0.03901;
31.59024;-6.39829;-2.87582;6.71563;-0.33821;1.05378;-0.03768;
31.59800;-6.40368;-2.86085;6.79467;-0.34141;0.96084;-0.03555;
31.60573;-6.44141;-2.88780;6.65037;-0.34474;0.93261;-0.03582;
31.61348;-6.58990;-2.86205;6.50847;-0.35273;0.90398;-0.03888;
31.62124;-6.66115;-2.85546;6.47494;-0.35526;0.90691;-0.04008;
31.62900;-6.71264;-2.85606;6.37674;-0.35432;0.94207;-0.04447;
31.63674;-6.72641;-2.84888;6.40189;-0.35312;0.95618;-0.04794;
31.64450;-6.73539;-2.84289;6.45158;-0.35099;0.97256;-0.05193;
31.65225;-6.93658;-2.83690;6.16179;-0.35219;0.97615;-0.05699;
31.66001;-6.97490;-2.82672;6.05940;-0.34953;0.97109;-0.06391;
31.66775;-6.87790;-2.84229;6.24142;-0.34514;0.98760;-0.06431;
31.67552;-6.90664;-2.84468;6.17197;-0.33808;1.00238;-0.06072;
31.68327;-7.00902;-2.86923;6.01270;-0.33328;1.01344;-0.05260;
31.69101;-7.06351;-2.82852;6.01988;-0.33062;1.00278;-0.04381;
31.69876;-7.18865;-2.82133;5.91510;-0.33142;0.96550;-0.03196;
31.70652;-7.21500;-2.83031;5.88875;-0.33036;0.96244;-0.02903;
31.71426;-7.24853;-2.80636;5.80493;-0.33408;1.00052;-0.02130;
31.72201;-7.26350;-2.76026;5.77978;-0.33355;1.03234;-0.01545;
31.72977;-7.36469;-2.82073;5.67440;-0.33874;1.12395;-0.00626;
31.73752;-7.44372;-2.81954;5.53070;-0.33795;1.17881;-0.00559;
31.74528;-7.61496;-2.78122;5.30856;-0.33062;1.22382;-0.01305;
31.75303;-7.67843;-2.77224;5.23671;-0.32756;1.14992;-0.02889;
31.76080;-7.69460;-2.76206;5.20438;-0.32676;1.09706;-0.03569;
31.76855;-7.70418;-2.75487;5.15648;-0.32556;1.03594;-0.04314;
31.77632;-7.74190;-2.74469;5.16127;-0.32463;1.02728;-0.04447;
31.78409;-7.72933;-2.76206;5.17863;-0.32942;1.05378;-0.04354;
31.79186;-7.76226;-2.74230;5.12953;-0.33142;1.08507;-0.03861;
31.79963;-7.88261;-2.74529;4.92536;-0.34048;1.13381;-0.02796;
31.80740;-7.95865;-2.74170;4.88285;-0.34247;1.13754;-0.02477;
31.81515;-8.07541;-2.73272;4.69544;-0.34633;1.13327;-0.02663;
31.82294;-8.09097;-2.71595;4.65233;-0.34181;1.13021;-0.03475;
31.83070;-8.12091;-2.72254;4.58107;-0.34194;1.11410;-0.03475;
31.83846;-8.17660;-2.72134;4.55054;-0.33834;1.03967;-0.03861;
31.84623;-8.22569;-2.70458;4.43857;-0.33914;1.00478;-0.03728;
31.85400;-8.29156;-2.70398;4.34696;-0.34181;0.96989;-0.04048;
31.86175;-8.31251;-2.70817;4.24517;-0.33914;0.95844;-0.04274;
31.86952;-8.30114;-2.71176;4.16374;-0.33928;0.97402;-0.04048;
31.87728;-8.32569;-2.71356;4.13021;-0.33262;0.97602;-0.03955;
31.88506;-8.48795;-2.67344;3.94999;-0.33142;0.94246;-0.04088;
31.89280;-8.50471;-2.67464;3.95597;-0.32756;0.87283;-0.05379;
31.90056;-8.49094;-2.66626;3.80449;-0.32876;0.85139;-0.05632;
31.90830;-8.44783;-2.68901;3.89969;-0.32223;0.85432;-0.05406;
31.91605;-8.48316;-2.67703;3.84401;-0.32410;0.86910;-0.04847;
31.92379;-8.54543;-2.67823;3.74342;-0.31850;0.91197;-0.03848;
31.93157;-8.60650;-2.66865;3.64821;-0.31850;0.92555;-0.03835;
31.93932;-8.62626;-2.64590;3.58714;-0.30692;0.93181;-0.03768;
31.94706;-8.64901;-2.63572;3.52786;-0.30799;0.93980;-0.03529;
31.95480;-8.70230;-2.63692;3.50152;-0.31078;0.97655;-0.03089;
31.96254;-8.73703;-2.63093;3.35542;-0.31877;0.99266;-0.02583;
31.97030;-8.86995;-2.62255;3.15364;-0.31771;0.97509;-0.02490;
31.97805;-8.88373;-2.60518;3.14885;-0.34114;0.89533;-0.03582;
31.98581;-8.45981;-2.82373;3.09856;-0.38069;0.91703;-0.04181;
31.99357;-9.10527;-2.58602;3.06203;-0.32277;1.07855;-0.03981;
32.00132;-9.03940;-2.66506;2.66925;-0.33102;1.00638;-0.05260;
32.00906;-9.12862;-2.53154;2.76206;-0.31518;0.87735;-0.07124;
32.01683;-8.89989;-2.70697;3.26741;-0.33621;0.85938;-0.07084;
32.02459;-8.97833;-2.58961;2.77224;-0.31185;0.85618;-0.05859;
32.03235;-8.97833;-2.58123;2.58542;-0.32290;0.85685;-0.05300;
32.04010;-8.94660;-2.56686;2.64410;-0.33795;0.82356;-0.04514;
32.04784;-9.15616;-2.58483;2.51297;-0.33608;0.74007;-0.05446;
32.05560;-9.20885;-2.58542;2.58303;-0.33062;0.68375;-0.07084;
32.06333;-9.20645;-2.54231;2.36568;-0.32370;0.56164;-0.10186;
32.07110;-9.12862;-2.52076;2.35011;-0.31984;0.52556;-0.11185;
32.07888;-9.15137;-2.53752;2.31239;-0.31757;0.49746;-0.12410;
32.08664;-9.12083;-2.51896;2.27347;-0.31558;0.47896;-0.12969;
32.09440;-9.12622;-2.56926;2.32796;-0.31917;0.47776;-0.13662;
32.10218;-9.09030;-2.58003;2.24473;-0.31384;0.52303;-0.13209;
32.10992;-9.00587;-2.54291;1.93458;-0.30985;0.62489;-0.11531;
32.11767;-9.09389;-2.52734;1.98487;-0.30785;0.74220;-0.08921;
32.12542;-9.18789;-2.56087;2.16869;-0.30399;0.79826;-0.07696;
32.13319;-9.18969;-2.58243;2.09145;-0.30599;0.82409;-0.06378;
32.14096;-9.23460;-2.51297;1.72501;-0.30878;0.80478;-0.06405;
32.14869;-9.34597;-2.50220;1.86093;-0.31145;0.73288;-0.07004;
32.15644;-9.37471;-2.50878;1.71064;-0.31118;0.68508;-0.07750;
32.16419;-9.38309;-2.50519;1.63041;-0.30772;0.59493;-0.09933;
32.17193;-9.37111;-2.48423;1.60167;-0.30865;0.55592;-0.11105;
32.17971;-9.29327;-2.46507;1.28613;-0.30799;0.48961;-0.13009;
32.18748;-9.36034;-2.53154;1.77770;-0.30000;0.46897;-0.14221;
32.19523;-9.37231;-2.50459;1.50467;-0.30186;0.46564;-0.14927;
32.20299;-9.33339;-2.50639;1.39929;-0.30599;0.44101;-0.15379;
32.21075;-9.32201;-2.53932;1.39151;-0.30799;0.42596;-0.15006;
32.21851;-9.28130;-2.50998;1.36935;-0.30865;0.41504;-0.13981;
32.22627;-9.31064;-2.53872;1.35199;-0.31384;0.42556;-0.13076;
32.23403;-9.32680;-2.53273;1.32385;-0.31864;0.45166;-0.11198;
32.24181;-9.37530;-2.52615;1.26577;-0.32277;0.45845;-0.10732;
32.24958;-9.35854;-2.47765;1.16637;-0.32703;0.46005;-0.10120;
32.25734;-9.39566;-2.52974;1.11907;-0.32676;0.44740;-0.09987;
32.26509;-9.36692;-2.50699;1.11907;-0.33182;0.43422;-0.09534;
32.27284;-9.39506;-2.48184;1.11069;-0.33675;0.42503;-0.09254;
32.28061;-9.41482;-2.47346;1.02986;-0.34261;0.42663;-0.09507;
32.28837;-9.46392;-2.48064;0.95262;-0.34527;0.40519;-0.10612;
32.29613;-9.22741;-2.38724;0.62450;-0.34527;0.38921;-0.10679;
32.30389;-9.45853;-2.46148;0.77718;-0.34487;0.40719;-0.10253;
32.31164;-9.44057;-2.49681;0.88197;-0.34367;0.41517;-0.10572;
32.31940;-9.40524;-2.48244;0.92208;-0.33755;0.43901;-0.11371;
32.32715;-9.43758;-2.48962;0.77539;-0.34101;0.45792;-0.11584;
32.33493;-9.41901;-2.48483;0.68557;-0.32689;0.48255;-0.11092;
32.34268;-9.42680;-2.49980;0.65564;-0.32942;0.51065;-0.09947;
32.35043;-9.49685;-2.47406;0.63887;-0.32450;0.50386;-0.09654;
32.35818;-9.46152;-2.44711;0.28800;-0.31704;0.44833;-0.10226;
32.36592;-9.50464;-2.46807;0.51732;-0.31251;0.43648;-0.10493;
32.37368;-9.49985;-2.49801;0.41793;-0.30865;0.42343;-0.10692;
32.38142;-9.46152;-2.48783;0.44907;-0.30186;0.41211;-0.10546;
32.38919;-9.49086;-2.45490;0.43589;-0.29866;0.40372;-0.09893;
32.39693;-9.51841;-2.47585;0.36225;-0.29693;0.40519;-0.09667;
32.40468;-9.78066;-2.31838;-0.22753;-0.30506;0.38854;-0.09467;
32.41245;-9.47051;-2.55070;0.74485;-0.28974;0.38721;-0.08815;
32.42018;-9.50464;-2.47166;0.30237;-0.29294;0.36151;-0.08615;
32.42793;-9.48847;-2.42316;0.19460;-0.28109;0.31052;-0.08149;
32.43569;-9.44476;-2.42436;-0.10119;-0.29094;0.31238;-0.07816;
32.44349;-9.42201;-2.40460;0.04371;-0.28695;0.32716;-0.07683;
32.45122;-9.63876;-2.48064;0.11795;-0.29520;0.30239;-0.08069;
32.45897;-9.57828;-2.44292;0.15747;-0.27922;0.24527;-0.09081;
32.46672;-9.52140;-2.45669;0.13113;-0.28175;0.22809;-0.09534;
32.47447;-9.46332;-2.41418;0.08862;-0.27376;0.24008;-0.09361;
32.48222;-9.48069;-2.42077;-0.02335;-0.27163;0.29933;-0.08841;
32.49002;-9.58726;-2.35490;-0.29938;-0.27257;0.31637;-0.08575;
32.49780;-9.52020;-2.44352;0.19100;-0.27004;0.32090;-0.08162;
32.50553;-9.55373;-2.43154;0.05389;-0.27430;0.30745;-0.08216;
32.51327;-9.54475;-2.40101;-0.12933;-0.26538;0.26018;-0.08082;
32.52107;-9.53936;-2.42136;-0.13232;-0.26764;0.23981;-0.07883;
32.52887;-9.58427;-2.39262;-0.12694;-0.27736;0.19148;-0.08216;
32.53668;-9.59864;-2.38544;-0.19340;-0.28615;0.15233;-0.08562;
32.54448;-9.61361;-2.35490;-0.18142;-0.29440;0.06711;-0.09507;
32.55226;-9.61121;-2.36388;-0.17544;-0.30386;0.01891;-0.10785;
32.56005;-9.61121;-2.38604;-0.22633;-0.30586;0.00919;-0.11624;
32.56784;-9.57649;-2.37885;-0.25148;-0.30972;-0.00333;-0.12743;
32.57565;-9.52859;-2.38544;-0.23890;-0.31091;-0.00306;-0.12769;
32.58343;-9.51661;-2.38664;-0.21495;-0.31957;0.01864;-0.12516;
32.59124;-9.53397;-2.37766;-0.24369;-0.32370;0.02823;-0.12543;
32.59905;-9.52859;-2.39262;-0.25926;-0.32463;0.01558;-0.12423;
32.60685;-9.54296;-2.40640;-0.27543;-0.32743;0.00133;-0.12583;
32.61463;-9.55493;-2.39322;-0.32752;-0.33036;-0.03635;-0.12849;
32.62244;-9.55912;-2.40220;-0.35327;-0.32689;-0.07883;-0.13315;
32.63026;-9.53577;-2.37526;-0.35626;-0.32423;-0.10173;-0.13502;
32.63808;-9.56391;-2.40400;-0.39518;-0.32210;-0.14314;-0.14088;
32.64588;-9.55972;-2.38484;-0.36285;-0.31757;-0.15060;-0.14421;
32.65369;-9.53936;-2.41238;-0.34668;-0.30838;-0.13169;-0.14394;
32.66152;-9.54715;-2.40999;-0.31195;-0.30532;-0.12330;-0.14354;
32.66933;-9.49386;-2.38125;-0.26465;-0.30333;-0.12636;-0.14407;
32.67715;-9.48308;-2.40460;-0.24429;-0.30546;-0.11198;-0.13795;
32.68495;-9.48967;-2.41657;-0.27662;-0.30412;-0.09760;-0.13422;
32.69276;-9.51901;-2.40400;-0.28740;-0.30492;-0.08469;-0.12916;
32.70056;-9.53817;-2.42615;-0.36644;-0.30479;-0.08615;-0.12636;
32.70835;-9.48548;-2.39203;-0.28920;-0.30559;-0.08136;-0.12263;
32.71615;-9.49565;-2.40640;-0.29818;-0.30732;-0.07497;-0.12104;
32.72396;-9.52679;-2.38843;-0.29459;-0.31411;-0.08429;-0.11478;
32.73178;-9.54894;-2.38065;-0.30596;-0.31717;-0.09774;-0.11425;
32.73959;-9.53996;-2.38484;-0.29878;-0.31917;-0.12224;-0.11851;
32.74740;-9.51841;-2.39442;-0.32512;-0.31424;-0.11398;-0.11864;
32.75522;-9.54715;-2.39981;-0.35087;-0.31211;-0.10399;-0.12090;
32.76303;-9.56930;-2.40280;-0.39159;-0.30293;-0.10679;-0.12450;
32.77083;-9.57050;-2.38843;-0.39099;-0.30053;-0.11318;-0.12783;
32.77862;-9.57828;-2.39502;-0.31974;-0.29986;-0.13395;-0.13715;
32.78645;-9.55254;-2.38963;-0.33830;-0.30119;-0.14887;-0.14088;
32.79426;-9.52320;-2.36748;-0.28740;-0.30319;-0.16365;-0.14208;
32.80207;-9.47649;-2.36808;-0.28022;-0.30572;-0.13688;-0.13688;
32.80986;-9.51242;-2.38724;-0.27543;-0.31025;-0.12663;-0.13422;
32.81768;-9.53577;-2.37586;-0.23471;-0.32197;-0.14247;-0.12397;
32.82550;-9.53757;-2.39682;-0.33710;-0.32476;-0.15579;-0.12117;
32.83332;-9.53757;-2.40280;-0.30536;-0.32809;-0.17243;-0.12050;
32.84112;-9.55254;-2.38424;-0.30117;-0.32849;-0.17350;-0.12317;
32.84894;-9.55194;-2.42136;-0.24429;-0.32330;-0.17749;-0.12809;
32.85675;-9.55792;-2.39143;-0.33830;-0.32050;-0.17816;-0.12663;
32.86456;-9.52080;-2.39382;-0.28860;-0.31717;-0.17044;-0.12623;
32.87236;-9.52499;-2.38664;-0.28141;-0.30998;-0.16125;-0.12556;
32.88018;-9.56451;-2.36688;-0.29758;-0.30439;-0.15366;-0.12610;
32.88799;-9.54894;-2.38544;-0.31914;-0.29853;-0.13249;-0.12783;
32.89580;-9.52080;-2.38963;-0.32453;-0.29613;-0.12397;-0.12743;
32.90362;-9.52020;-2.39203;-0.27962;-0.29374;-0.11385;-0.12370;
32.91142;-9.52859;-2.39322;-0.38560;-0.29254;-0.11012;-0.11917;
32.91924;-9.54655;-2.40161;-0.34009;-0.29454;-0.10519;-0.11092;
32.92704;-9.51721;-2.39203;-0.40416;-0.29946;-0.09694;-0.11252;
32.93485;-9.57170;-2.40699;-0.11496;-0.30013;-0.09161;-0.11078;
32.94265;-9.50224;-2.40220;-0.31674;-0.30040;-0.09081;-0.10093;
32.95041;-9.51242;-2.39861;-0.34848;-0.30213;-0.09521;-0.10040;
32.95820;-9.55433;-2.36269;-0.31375;-0.30213;-0.10719;-0.10173;
32.96601;-9.54894;-2.34413;-0.29219;-0.30239;-0.11198;-0.10453;
32.97383;-9.55074;-2.37825;-0.28201;-0.30346;-0.10719;-0.11358;
32.98163;-9.53577;-2.37766;-0.27124;-0.30572;-0.10386;-0.11691;
32.98945;-9.54236;-2.35610;-0.31016;-0.30399;-0.09507;-0.11917;
32.99725;-9.53218;-2.37825;-0.31495;-0.30000;-0.06684;-0.12184;
33.00505;-9.52020;-2.37047;-0.29219;-0.30133;-0.05033;-0.12330;
33.01283;-9.51182;-2.36089;-0.32512;-0.30013;-0.02636;-0.11931;
33.02063;-9.50284;-2.37825;-0.31974;-0.30159;-0.02330;-0.11558;
33.02841;-9.54296;-2.35969;-0.33470;-0.30452;-0.02503;-0.11305;
33.03620;-9.51601;-2.35131;-0.34189;-0.30625;-0.03475;-0.11451;
33.04400;-9.39985;-2.32916;-0.49876;-0.30932;-0.04913;-0.11358;
33.05179;-9.59445;-2.37526;-0.27543;-0.31464;-0.04847;-0.11278;
33.05960;-9.57110;-2.37287;-0.34728;-0.31065;-0.05300;-0.11278;
33.06739;-9.52799;-2.36987;-0.42571;-0.30492;-0.06418;-0.11385;
33.07519;-9.50044;-2.36149;-0.41374;-0.30519;-0.06604;-0.11118;
33.08299;-9.55613;-2.36448;-0.44308;-0.29827;-0.07084;-0.11212;
33.09079;-9.56810;-2.34832;-0.43709;-0.29347;-0.08082;-0.11425;
33.09857;-9.56571;-2.33395;-0.40117;-0.28562;-0.08948;-0.11944;
33.10638;-9.56870;-2.34532;-0.41134;-0.28109;-0.08762;-0.11997;
33.11420;-9.52679;-2.29982;-0.41314;-0.27470;-0.07417;-0.12490;
33.12201;-9.48488;-2.35490;-0.44907;-0.28162;-0.06178;-0.12916;
33.12981;-9.57229;-2.42077;-0.01138;-0.28295;-0.05766;-0.13009;
33.13761;-9.53397;-2.33455;-0.38739;-0.28681;-0.08335;-0.13036;
33.14543;-9.54894;-2.35550;-0.44248;-0.28548;-0.10519;-0.13435;
33.15324;-9.52799;-2.34233;-0.41015;-0.29600;-0.11385;-0.13462;
33.16106;-9.53338;-2.34233;-0.39578;-0.29693;-0.10932;-0.13289;
33.16888;-9.56391;-2.34293;-0.42811;-0.30492;-0.12437;-0.13382;
33.17671;-9.56990;-2.33754;-0.40895;-0.30652;-0.14048;-0.13955;
33.18452;-9.53817;-2.32077;-0.38919;-0.31225;-0.15619;-0.14394;
33.19235;-9.53697;-2.31359;-0.35446;-0.31637;-0.13648;-0.14261;
33.20019;-9.53517;-2.34413;-0.41015;-0.31850;-0.12983;-0.13981;
33.20801;-9.52978;-2.33754;-0.40476;-0.31957;-0.12663;-0.13622;
33.21582;-9.52799;-2.34532;-0.39218;-0.32010;-0.12583;-0.13568;
33.22364;-9.53876;-2.36508;-0.40655;-0.31771;-0.12197;-0.13462;
33.23147;-9.53817;-2.35371;-0.40117;-0.31731;-0.12583;-0.13528;
33.23931;-9.52559;-2.34293;-0.43290;-0.31558;-0.14048;-0.13315;
33.24712;-9.52260;-2.34293;-0.43350;-0.30918;-0.14274;-0.13342;
33.25494;-9.52918;-2.33993;-0.38141;-0.30745;-0.14154;-0.13435;
33.26277;-9.53757;-2.35490;-0.38141;-0.30625;-0.14833;-0.13315;
33.27059;-9.53278;-2.34233;-0.37602;-0.30532;-0.15473;-0.13089;
33.27840;-9.55313;-2.35490;-0.39578;-0.30759;-0.17070;-0.12783;
33.28621;-9.55553;-2.36388;-0.38859;-0.30785;-0.17829;-0.12756;
33.29403;-9.53637;-2.35071;-0.39578;-0.30825;-0.19614;-0.13062;
33.30183;-9.50344;-2.35610;-0.40955;-0.31038;-0.20599;-0.12983;
33.30962;-9.53457;-2.33035;-0.36524;-0.31012;-0.20186;-0.12996;
33.31743;-9.54415;-2.34353;-0.36165;-0.31318;-0.19560;-0.13382;
33.32527;-9.53697;-2.31898;-0.33470;-0.31584;-0.19574;-0.13395;
33.33309;-9.50404;-2.34293;-0.31495;-0.32303;-0.18642;-0.13209;
33.34090;-9.51601;-2.35131;-0.32273;-0.32649;-0.18295;-0.13036;
33.34871;-9.52379;-2.34712;-0.34488;-0.33075;-0.18788;-0.12849;
33.35652;-9.50942;-2.36388;-0.30237;-0.33342;-0.19547;-0.12836;
33.36433;-9.52978;-2.33993;-0.29878;-0.33382;-0.19760;-0.12024;
33.37215;-9.55613;-2.35191;-0.32512;-0.33368;-0.18908;-0.12130;
33.37998;-9.58247;-2.32437;-0.35327;-0.32783;-0.18988;-0.12730;
33.38781;-9.57110;-2.32916;-0.34848;-0.31771;-0.19880;-0.14114;
33.39563;-9.54775;-2.33335;-0.34967;-0.31371;-0.19787;-0.14700;
33.40346;-9.52499;-2.32676;-0.31554;-0.30213;-0.18269;-0.15126;
33.41127;-9.53278;-2.35371;-0.30956;-0.29680;-0.17164;-0.15286;
33.41909;-9.51541;-2.36808;-0.29040;-0.29214;-0.15672;-0.15406;
33.42689;-9.51182;-2.35191;-0.27124;-0.29001;-0.14980;-0.15299;
33.43472;-9.49985;-2.38065;-0.32153;-0.28948;-0.14474;-0.15020;
33.44253;-9.45135;-2.35909;-0.27842;-0.28815;-0.13462;-0.14274;
33.45035;-9.45973;-2.32856;-0.20477;-0.28948;-0.12437;-0.13222;
33.45816;-9.52320;-2.34652;-0.28860;-0.29920;-0.10319;-0.11811;
33.46597;-9.53697;-2.35371;-0.25327;-0.30106;-0.09560;-0.11611;
33.47378;-9.52499;-2.36209;-0.30477;-0.30559;-0.09214;-0.11252;
33.48158;-9.52799;-2.36688;-0.31435;-0.31158;-0.09760;-0.11611;
33.48939;-9.60642;-2.36149;-0.31914;-0.31571;-0.10399;-0.12330;
33.49721;-9.61660;-2.34592;-0.34369;-0.31305;-0.13009;-0.12543;
33.50503;-9.58666;-2.37047;-0.30656;-0.30878;-0.12823;-0.12224;
33.51282;-9.58846;-2.34413;-0.31075;-0.31344;-0.09387;-0.13062;
33.52064;-9.58487;-2.36748;-0.32393;-0.31052;-0.10146;-0.12823;
33.52845;-9.44296;-2.32257;-0.29099;-0.31637;-0.13036;-0.12730;
33.53627;-9.58547;-2.33814;-0.32213;-0.32064;-0.12730;-0.13342;
33.54410;-9.49026;-2.37406;-0.31135;-0.31371;-0.11065;-0.13382;
33.55191;-9.52619;-2.33155;-0.30237;-0.32010;-0.07909;-0.12916;
33.55973;-9.48548;-2.33993;-0.28022;-0.31970;-0.06844;-0.12277;
33.56753;-9.53098;-2.33335;-0.32872;-0.32197;-0.03848;-0.12277;
33.57534;-9.51721;-2.33934;-0.29219;-0.32210;-0.02410;-0.12077;
33.58317;-9.57110;-2.36269;-0.35147;-0.31704;-0.00852;-0.12490;
33.59096;-9.52978;-2.34353;-0.35207;-0.31185;-0.00493;-0.12463;
33.59876;-9.53637;-2.36568;-0.36285;-0.30998;0.00759;-0.12596;
33.60654;-9.54535;-2.35730;-0.38201;-0.31078;-0.00093;-0.12650;
33.61432;-9.53457;-2.34353;-0.40775;-0.31078;-0.01531;-0.12929;
33.62214;-9.54775;-2.35790;-0.42512;-0.30878;-0.04674;-0.13249;
33.62995;-9.55194;-2.33754;-0.41673;-0.30732;-0.06431;-0.13462;
33.63777;-9.53817;-2.33993;-0.35147;-0.30625;-0.09627;-0.13435;
33.64559;-9.54475;-2.34592;-0.40296;-0.30998;-0.10825;-0.13315;
33.65339;-9.53876;-2.35550;-0.38260;-0.31171;-0.12011;-0.12863;
33.66122;-9.52739;-2.34173;-0.37302;-0.31331;-0.11997;-0.12650;
33.66905;-9.52679;-2.32676;-0.38919;-0.31944;-0.11611;-0.12184;
33.67688;-9.51481;-2.32916;-0.32872;-0.32703;-0.10666;-0.11811;
33.68470;-9.55074;-2.33335;-0.37961;-0.33115;-0.10319;-0.11797;
33.69251;-9.58666;-2.29323;-0.34788;-0.33488;-0.09587;-0.12011;
33.70033;-9.55373;-2.31718;-0.43769;-0.33648;-0.09134;-0.12397;
33.70815;-9.58247;-2.30521;-0.46643;-0.32703;-0.09654;-0.13089;
33.71594;-9.58726;-2.33514;-0.47601;-0.32250;-0.11145;-0.13528;
33.72375;-9.56331;-2.32856;-0.42571;-0.31251;-0.14048;-0.14554;
33.73160;-9.55373;-2.34233;-0.42751;-0.30612;-0.17297;-0.15060;
33.73941;-9.54296;-2.38664;-0.39218;-0.30359;-0.19387;-0.15033;
33.74723;-9.54296;-2.33155;-0.34309;-0.30665;-0.21025;-0.13915;
33.75504;-9.50823;-2.35730;-0.35686;-0.30399;-0.20399;-0.13715;
33.76284;-9.51901;-2.32497;-0.32692;-0.30652;-0.17749;-0.12929;
33.77066;-9.51182;-2.35610;-0.35925;-0.30639;-0.16937;-0.12836;
33.77848;-9.51781;-2.35011;-0.32991;-0.31171;-0.15499;-0.12157;
33.78630;-9.51841;-2.35730;-0.31435;-0.31318;-0.14407;-0.11877;
33.79413;-9.53697;-2.33874;-0.36105;-0.31451;-0.12050;-0.11797;
33.80194;-9.51481;-2.35670;-0.37841;-0.31185;-0.11944;-0.12050;
33.80974;-9.52799;-2.33215;-0.38919;-0.31291;-0.12996;-0.12104;
33.81756;-9.53817;-2.35191;-0.38440;-0.31171;-0.15073;-0.12197;
33.82540;-9.53517;-2.35909;-0.39937;-0.31038;-0.15632;-0.12530;
33.83320;-9.49146;-2.34892;-0.39697;-0.30772;-0.17430;-0.12863;
33.84102;-9.54355;-2.35191;-0.38141;-0.30799;-0.18215;-0.13222;
33.84885;-9.61600;-2.34592;-0.32692;-0.30599;-0.19387;-0.12903;
33.85665;-9.50643;-2.32556;-0.31614;-0.30519;-0.16964;-0.11797;
33.86447;-9.51002;-2.34592;-0.32273;-0.30745;-0.14967;-0.11531;
33.87228;-9.45554;-2.35251;-0.31135;-0.30892;-0.12676;-0.09947;
33.88011;-9.48308;-2.33095;-0.29698;-0.31038;-0.11252;-0.09521;
33.88791;-9.56391;-2.32137;-0.34369;-0.30719;-0.07803;-0.09587;
33.89572;-9.56990;-2.31179;-0.30836;-0.30093;-0.07430;-0.10120;
33.90349;-9.56331;-2.30700;-0.37482;-0.30599;-0.10186;-0.10905;
33.91127;-9.54954;-2.30880;-0.34967;-0.30838;-0.11704;-0.11451;
33.91909;-9.52140;-2.29982;-0.32572;-0.30865;-0.10812;-0.11584;
33.92688;-9.51362;-2.28844;-0.33051;-0.31238;-0.08349;-0.12397;
33.93470;-9.53936;-2.30880;-0.34848;-0.31065;-0.07869;-0.12863;
33.94250;-9.56271;-2.32257;-0.37302;-0.31091;-0.07656;-0.13355;
33.95032;-9.54236;-2.33634;-0.34488;-0.31038;-0.07497;-0.13489;
33.95813;-9.53038;-2.31778;-0.38680;-0.31451;-0.05513;-0.13209;
33.96593;-9.52499;-2.31359;-0.31854;-0.31611;-0.03835;-0.13129;
33.97375;-9.54535;-2.31239;-0.39578;-0.31771;-0.01451;-0.12956;
33.98158;-9.54056;-2.30221;-0.43110;-0.32077;-0.03515;-0.13156;
33.98938;-9.55313;-2.30820;-0.37722;-0.32037;-0.04208;-0.13089;
33.99717;-9.52978;-2.31898;-0.43290;-0.32037;-0.04501;-0.13036;
34.00497;-9.54475;-2.32736;-0.43649;-0.31864;-0.05126;-0.12943;
34.01278;-9.54176;-2.33574;-0.44128;-0.31318;-0.07550;-0.13089;
34.02059;-9.55373;-2.32257;-0.48140;-0.30838;-0.08881;-0.13116;
34.02838;-9.53098;-2.31119;-0.44068;-0.30040;-0.11145;-0.12996;
34.03617;-9.54834;-2.31898;-0.45386;-0.29374;-0.12983;-0.12490;
34.04400;-9.54056;-2.31898;-0.44847;-0.29440;-0.13728;-0.12423;
34.05179;-9.54296;-2.32497;-0.40835;-0.28841;-0.14474;-0.12423;
34.05961;-9.54954;-2.31299;-0.39159;-0.28562;-0.14474;-0.12530;
34.06742;-9.54296;-2.29263;-0.42452;-0.28801;-0.13941;-0.12836;
34.07524;-9.53996;-2.31119;-0.37662;-0.28641;-0.13315;-0.12929;
34.08306;-9.55613;-2.29982;-0.39338;-0.28894;-0.12463;-0.12849;
34.09087;-9.54655;-2.31000;-0.45565;-0.28695;-0.12050;-0.13009;
34.09864;-9.52080;-2.30940;-0.42152;-0.28948;-0.11118;-0.13781;
34.10644;-9.51362;-2.30700;-0.37183;-0.29853;-0.11278;-0.14074;
34.11425;-9.55014;-2.31119;-0.40416;-0.29973;-0.11544;-0.14128;
34.12207;-9.55673;-2.29503;-0.37722;-0.30705;-0.12237;-0.14088;
34.12987;-9.52080;-2.29862;-0.34189;-0.31052;-0.12477;-0.13821;
34.13769;-9.50344;-2.32317;-0.35865;-0.32783;-0.12596;-0.12383;
34.14552;-9.51122;-2.30161;-0.38201;-0.33328;-0.12583;-0.11971;
34.15334;-9.53158;-2.33335;-0.40356;-0.34340;-0.12969;-0.11118;
34.16117;-9.51781;-2.30281;-0.41015;-0.34567;-0.13755;-0.11158;
34.16900;-9.57649;-2.28724;-0.51433;-0.34234;-0.14194;-0.11358;
34.17681;-9.56571;-2.29084;-0.41613;-0.33222;-0.14793;-0.12290;
34.18463;-9.56271;-2.29862;-0.44428;-0.32609;-0.14674;-0.12663;
34.19247;-9.53517;-2.31539;-0.40955;-0.31518;-0.13768;-0.13502;
34.20029;-9.52499;-2.32497;-0.41494;-0.31118;-0.13342;-0.13715;
34.20811;-9.52439;-2.32077;-0.43589;-0.30199;-0.13728;-0.13808;
34.21591;-9.54655;-2.29563;-0.39039;-0.30000;-0.14367;-0.13608;
34.22371;-9.53936;-2.32437;-0.43829;-0.29973;-0.14900;-0.13568;
34.23153;-9.54834;-2.30401;-0.38919;-0.29427;-0.15592;-0.13835;
34.23935;-9.55134;-2.29144;-0.39159;-0.29707;-0.16684;-0.13702;
34.24718;-9.53697;-2.31479;-0.35027;-0.30266;-0.19201;-0.13648;
34.25500;-9.51661;-2.30940;-0.34788;-0.30479;-0.19707;-0.13715;
34.26279;-9.50164;-2.32556;-0.33051;-0.31238;-0.19374;-0.13422;
34.27061;-9.49206;-2.33155;-0.36464;-0.31624;-0.19534;-0.13196;
34.27843;-9.52140;-2.31658;-0.34129;-0.32197;-0.20359;-0.12543;
34.28624;-9.52080;-2.28964;-0.32812;-0.32356;-0.18562;-0.12570;
34.29406;-9.54176;-2.31718;-0.33949;-0.32170;-0.17164;-0.12450;
34.30187;-9.54834;-2.33395;-0.37841;-0.32130;-0.14847;-0.12490;
34.30969;-9.53158;-2.30042;-0.41194;-0.31757;-0.13928;-0.12676;
34.31751;-9.53218;-2.32497;-0.39997;-0.30998;-0.12303;-0.13542;
34.32532;-9.52140;-2.29982;-0.36285;-0.30972;-0.11957;-0.13635;
34.33314;-9.53038;-2.30640;-0.38201;-0.31065;-0.12610;-0.13555;
34.34096;-9.53038;-2.30461;-0.37841;-0.30958;-0.13102;-0.13395;
34.34876;-9.54056;-2.32437;-0.31315;-0.31091;-0.13475;-0.13302;
34.35657;-9.51541;-2.32736;-0.33111;-0.31677;-0.13821;-0.12730;
34.36441;-9.57110;-2.32497;-0.38260;-0.31358;-0.13702;-0.12876;
34.37223;-9.57170;-2.31539;-0.35865;-0.30506;-0.13928;-0.13608;
34.38005;-9.54655;-2.28365;-0.33231;-0.30159;-0.14021;-0.13915;
34.38786;-9.51481;-2.31179;-0.30057;-0.29853;-0.13542;-0.13675;
34.39568;-9.52080;-2.30042;-0.31734;-0.29667;-0.12663;-0.13462;
34.40349;-9.49386;-2.30281;-0.33890;-0.29640;-0.10732;-0.14141;
34.41129;-9.59984;-2.32018;-0.35446;-0.28988;-0.12423;-0.13835;
34.41911;-9.70282;-2.35371;-0.34548;-0.28122;-0.12703;-0.12503;
34.42694;-9.47649;-2.26629;-0.31435;-0.28602;-0.08628;-0.11544;