17.23558;10.41833;0.42871;-0.23711;-0.04141;-0.07044;-0.03555;
17.24338;10.30337;0.44068;-0.18202;-0.03702;-0.05206;-0.02570;
17.25112;10.20997;0.48379;-0.21076;-0.02543;-0.05459;-0.01598;
17.25890;10.13572;0.42871;-0.27064;-0.01718;-0.05686;-0.00999;
17.26667;10.25068;0.47661;-0.24908;-0.01278;-0.07217;-0.00959;
17.27444;10.14291;0.43589;-0.22034;-0.02517;-0.07590;-0.01385;
17.28222;10.18362;0.47182;-0.26345;-0.03369;-0.07803;-0.01558;
17.29000;10.24829;0.45026;-0.29219;-0.03435;-0.09108;-0.02597;
17.29777;10.11177;0.40955;-0.27064;-0.03622;-0.12117;-0.03888;
17.30556;10.19081;0.35686;-0.28261;-0.04421;-0.13262;-0.03515;
17.31336;10.15728;0.42392;-0.31375;-0.01079;-0.11664;-0.01771;
17.32116;10.21476;0.45026;-0.19639;-0.01678;-0.09188;-0.00453;
17.32895;10.26505;0.41434;-0.28501;-0.01398;-0.05526;-0.00386;
17.33672;10.18602;0.42631;-0.29459;-0.03102;-0.04128;-0.01185;
17.34450;10.23152;0.43589;-0.33291;-0.01545;-0.02863;-0.01185;
17.35228;10.20039;0.42871;-0.30656;-0.01718;-0.01371;-0.00519;
17.36005;10.20278;0.43110;-0.29459;-0.01531;0.00799;-0.00852;
17.36777;10.20039;0.47900;-0.33291;-0.01118;0.02450;-0.00759;
17.37549;10.23152;0.41673;-0.25148;-0.01212;0.04035;-0.00586;
17.38325;10.12375;0.47182;-0.34249;-0.00959;0.03888;-0.01305;
17.39102;10.15967;0.46224;-0.28261;-0.01371;0.00706;-0.02051;
17.39877;10.19799;0.44308;-0.31854;-0.01571;-0.01172;-0.01678;
17.40655;10.23392;0.44068;-0.33530;-0.01651;0.00426;-0.00160;
17.41428;10.21236;0.48140;-0.27064;-0.01198;0.01824;-0.00053;
17.42202;10.20757;0.43589;-0.28740;-0.00586;0.01624;0.00546;
17.42973;10.25547;0.44787;-0.34728;-0.00879;0.04021;0.00613;
17.43745;10.18841;0.44547;-0.25387;-0.00812;0.05726;0.00240;
17.44518;10.19320;0.42871;-0.27303;-0.01025;0.04194;-0.00080;
17.45291;10.17165;0.43829;-0.23950;-0.01198;0.03635;0.00200;
17.46064;10.18841;0.42631;-0.29698;-0.02091;0.04221;-0.00453;
17.46839;10.21476;0.45745;-0.26345;-0.02237;0.01598;-0.00626;
17.47615;10.20757;0.42392;-0.25866;-0.03076;0.01278;-0.00772;
17.48390;10.16686;0.46224;-0.23711;-0.03382;0.00959;-0.00879;
17.49166;10.17644;0.46224;-0.23711;-0.04714;0.00413;-0.00839;
17.49942;10.21236;0.43589;-0.32333;-0.04620;0.01491;-0.00306;
17.50716;10.23152;0.48379;-0.27782;-0.04967;0.03502;-0.00093;
17.51491;10.24350;0.41194;-0.24908;-0.04341;0.04594;0.01012;
17.52265;10.20997;0.40236;-0.29459;-0.04328;0.07710;0.02237;
17.53038;10.16686;0.47661;-0.29698;-0.04647;0.10905;0.02290;
17.53812;10.13333;0.42631;-0.34728;-0.03915;0.10612;0.01145;
17.54587;10.14291;0.45266;-0.31375;-0.03489;0.09094;-0.00253;
17.55364;10.18123;0.41913;-0.31375;-0.03302;0.07244;-0.00506;
17.56140;10.16686;0.41194;-0.27064;-0.01877;0.05153;-0.00226;
17.56915;10.19560;0.45026;-0.23711;-0.01558;0.02636;-0.00200;
17.57688;10.21955;0.44787;-0.27303;-0.01558;0.00173;-0.00746;
17.58463;10.21476;0.39518;-0.31614;-0.02037;-0.01691;-0.00226;
17.59242;10.24350;0.40476;-0.28740;-0.01744;-0.02810;-0.00812;
17.60016;10.23152;0.43589;-0.20358;-0.01172;-0.02903;-0.00107;
17.60792;10.17165;0.45984;-0.20837;-0.01758;0.01345;-0.00067;
17.61567;10.17404;0.46942;-0.24190;-0.01917;0.03076;0.00213;
17.62340;10.22673;0.42152;-0.17723;-0.01704;0.04181;0.00652;
17.63113;10.21236;0.47182;-0.18921;-0.02530;0.06458;0.00360;
17.63888;10.26984;0.38560;-0.14370;-0.03475;0.10106;0.02250;
17.64661;10.18362;0.39757;-0.19639;-0.03861;0.11664;0.01784;
17.65436;10.15967;0.42152;-0.19639;-0.02663;0.11411;0.01611;
17.66211;10.20039;0.41913;-0.24190;-0.02317;0.08895;0.01398;
17.66984;10.19320;0.40955;-0.26106;-0.02051;0.07204;0.01052;
17.67757;10.16925;0.45745;-0.23471;-0.02690;0.04860;-0.00479;
17.68531;10.13812;0.41434;-0.22274;-0.01731;0.00892;-0.01491;
17.69309;10.11417;0.44547;-0.30417;-0.02011;-0.05020;-0.02330;
17.70084;10.20039;0.43110;-0.22034;-0.02330;-0.09201;-0.01744;
17.70858;10.21955;0.42152;-0.17963;-0.02264;-0.09361;-0.01598;
17.71637;10.20518;0.44547;-0.19879;-0.02370;-0.08682;-0.01438;
17.72415;10.19081;0.45266;-0.16047;-0.03116;-0.08469;-0.00466;
17.73192;10.22673;0.39278;-0.18202;-0.03462;-0.08122;-0.00719;
17.73970;10.15249;0.41434;-0.22034;-0.03662;-0.06551;-0.01425;
17.74750;10.17404;0.44308;-0.22513;-0.03822;-0.04101;-0.01505;
17.75528;10.19799;0.44308;-0.25148;-0.03622;-0.03688;-0.02037;
17.76306;10.15967;0.42152;-0.21316;-0.03302;-0.03595;-0.02037;
17.77084;10.22913;0.44787;-0.27303;-0.03822;-0.01678;-0.02437;
17.77863;10.24589;0.45026;-0.19879;-0.04767;-0.01158;-0.01598;
17.78640;10.23392;0.44547;-0.25627;-0.05246;-0.00346;-0.00546;
17.79417;10.23152;0.44308;-0.25627;-0.05806;0.00493;-0.00652;
17.80192;10.22913;0.41194;-0.24429;-0.05486;0.01558;-0.00266;
17.80966;10.20757;0.41673;-0.23471;-0.05286;0.00826;-0.00200;
17.81740;10.22673;0.43829;-0.24669;-0.04714;0.00932;0.00107;
17.82513;10.18123;0.41434;-0.26106;-0.04474;0.01731;0.00120;
17.83286;10.22913;0.40476;-0.25866;-0.03688;0.02756;-0.00067;
17.84061;10.17165;0.40715;-0.31614;-0.02357;0.02770;0.00466;
17.84834;10.15728;0.41434;-0.26345;-0.01531;0.03608;-0.00027;
17.85609;10.18123;0.41913;-0.28022;-0.01398;0.05699;0.00426;
17.86382;10.21955;0.38799;-0.20118;-0.01332;0.06684;0.00146;
17.87155;10.18602;0.46224;-0.24429;-0.00333;0.05659;-0.00573;
17.87931;10.17404;0.41913;-0.22034;0.00386;0.04634;-0.00945;
17.88703;10.20278;0.43829;-0.22513;0.00280;0.03635;-0.01624;
17.89475;10.17883;0.41434;-0.18921;0.00639;0.01638;-0.01238;
17.90247;10.23152;0.42392;-0.24190;0.00266;0.01185;-0.00639;
17.91019;10.26505;0.41913;-0.19639;0.00213;0.02423;-0.00892;
17.91791;10.25547;0.45026;-0.19639;0.00146;0.04114;-0.00013;
17.92563;10.21955;0.44068;-0.19879;-0.00373;0.05473;0.00266;
17.93336;10.20278;0.45266;-0.10538;-0.01851;0.07936;0.00573;
17.94109;10.21955;0.40955;-0.20837;-0.02849;0.10732;0.01252;
17.94882;10.23631;0.39997;-0.18681;-0.02796;0.12503;0.01505;
17.95655;10.14291;0.46463;-0.18921;-0.02836;0.12783;0.01624;
17.96430;10.19799;0.46224;-0.17963;-0.02583;0.12863;0.01318;
17.97204;10.15967;0.42392;-0.14370;-0.02916;0.11784;0.01132;
17.97979;10.15728;0.38799;-0.16526;-0.02104;0.09161;0.00320;
17.98752;10.14530;0.39997;-0.18921;-0.01611;0.06764;-0.00439;
17.99527;10.20757;0.41194;-0.15568;-0.01198;0.06498;-0.00573;
18.00303;10.26745;0.39997;-0.12694;-0.01718;0.07710;-0.00413;
18.01079;10.25068;0.36404;-0.12454;-0.02184;0.09614;-0.00479;
18.01851;10.25308;0.43829;-0.18442;-0.01531;0.11371;-0.00253;
18.02627;10.18123;0.39997;-0.17005;-0.01185;0.11811;-0.01105;
18.03401;10.17404;0.44547;-0.11257;-0.01065;0.09680;-0.01292;
18.04175;10.17883;0.41434;-0.10059;-0.01638;0.07670;-0.01478;
18.04950;10.25787;0.40476;-0.04311;-0.01212;0.07736;-0.01358;
18.05725;10.22913;0.43589;-0.08862;-0.02184;0.08202;-0.00080;
18.06498;10.18602;0.42152;-0.11017;-0.02490;0.08362;0.00839;
18.07269;10.20518;0.39518;-0.11257;-0.02836;0.10493;0.01531;
18.08043;10.22194;0.42152;-0.10299;-0.03395;0.12983;0.01864;
18.08816;10.21955;0.45505;-0.06946;-0.03928;0.14940;0.01838;
18.09589;10.20997;0.39039;-0.03832;-0.04328;0.16032;0.02117;
18.10361;10.19081;0.38799;-0.05269;-0.03648;0.15819;0.01505;
18.11133;10.19799;0.40476;-0.10299;-0.02730;0.14820;0.00466;
18.11907;10.20278;0.39039;0.04072;-0.03276;0.12117;-0.00360;
18.12678;10.16925;0.40476;-0.00479;-0.03116;0.09560;-0.01105;
18.13451;10.15728;0.43589;0.00000;-0.02810;0.04501;-0.01664;
18.14222;10.16446;0.39518;0.01198;-0.02277;0.00719;-0.01225;
18.14995;10.16686;0.40955;-0.02635;-0.02903;-0.00346;-0.01585;
18.15770;10.17644;0.41913;-0.05748;-0.02277;-0.00772;-0.01158;
18.16546;10.18602;0.37362;0.00240;-0.02357;-0.00945;-0.00453;
18.17320;10.24589;0.39997;0.03353;-0.02690;0.01225;-0.00226;
18.18091;10.26266;0.41673;0.00479;-0.03023;0.06019;-0.00093;
18.18862;10.20757;0.41194;0.01437;-0.03409;0.09347;-0.00546;
18.19633;10.15488;0.41434;0.01198;-0.02583;0.06738;-0.00639;
18.20405;10.16207;0.44547;0.11017;-0.03409;0.05885;-0.00826;
18.21176;10.25068;0.39757;0.07425;-0.04447;0.10572;0.00293;
18.21946;10.28900;0.37123;0.05748;-0.04594;0.17417;0.01158;
18.22717;10.27703;0.34967;0.00719;-0.04221;0.22623;0.01811;
18.23489;10.20278;0.38799;0.05988;-0.03875;0.22676;0.02437;
18.24260;10.21476;0.37602;0.08622;-0.04008;0.21451;0.03076;
18.25028;10.20997;0.35925;0.07185;-0.03529;0.23169;0.03142;
18.25802;10.21955;0.35446;0.08383;-0.03369;0.25486;0.03768;
18.26572;10.14291;0.39278;0.21076;-0.03142;0.25406;0.03835;
18.27346;10.19799;0.37123;0.20358;-0.03635;0.24274;0.03981;
18.28118;10.18362;0.38560;0.15568;-0.03662;0.25632;0.03915;
18.28890;10.17883;0.36165;0.16286;-0.04021;0.26764;0.04154;
18.29659;10.17644;0.39757;0.18202;-0.03009;0.29094;0.02650;
18.30429;10.16207;0.34488;0.25387;-0.03475;0.29334;0.02570;
18.31199;10.21476;0.39039;0.26106;-0.04088;0.28974;0.02091;
18.31970;10.20757;0.33291;0.27543;-0.04487;0.28841;0.02703;
18.32739;10.25068;0.36404;0.27543;-0.04354;0.28602;0.02810;
18.33510;10.17404;0.33291;0.30656;-0.03635;0.27456;0.01997;
18.34281;10.22434;0.35446;0.35207;-0.04527;0.26538;0.01917;
18.35053;10.24350;0.35686;0.42871;-0.05419;0.28442;0.03182;
18.35824;10.29858;0.36644;0.36165;-0.06205;0.33901;0.04301;
18.36595;10.21715;0.33770;0.38081;-0.05779;0.38069;0.05220;
18.37367;10.18602;0.36883;0.43350;-0.04927;0.40159;0.05246;
18.38138;10.17644;0.32333;0.40236;-0.04114;0.37137;0.04567;
18.38912;10.16207;0.34249;0.55564;-0.04181;0.35459;0.04873;
18.39684;10.14770;0.28980;0.46224;-0.03316;0.35073;0.05592;
18.40455;10.08782;0.30656;0.54367;-0.02570;0.31664;0.05260;
18.41224;10.08064;0.27782;0.52690;-0.01451;0.24607;0.03675;
18.41995;10.18362;0.29938;0.57001;-0.00466;0.22343;0.03542;
18.42766;10.21715;0.28740;0.96759;-0.01531;0.27137;0.02650;
18.43536;10.05908;0.26824;0.57001;-0.01425;0.23954;0.02091;
18.44306;10.07345;0.30177;0.59157;-0.00240;0.14660;0.01571;
18.45075;10.18123;0.27303;0.61792;-0.00027;0.15020;0.00879;
18.45843;10.15488;0.34009;0.68498;-0.00746;0.20306;0.00772;
18.46611;10.12854;0.37362;0.61792;-0.01198;0.17803;0.00413;
18.47381;10.10698;0.28261;0.76880;-0.02037;0.12011;-0.00173;
18.48152;10.12375;0.31614;0.64905;-0.01664;0.09827;-0.00466;
18.48924;10.14051;0.28261;0.67061;-0.01611;0.10586;-0.00559;
18.49696;10.12135;0.27303;0.72090;-0.01079;0.10679;-0.00027;
18.50467;10.13812;0.28980;0.68498;-0.00399;0.10066;-0.00732;
18.51239;10.12854;0.30417;0.75443;0.00439;0.09587;-0.00732;
18.52009;10.20997;0.24908;0.67540;-0.00360;0.12503;0.00426;
18.52776;10.33451;0.32572;0.80712;0.00493;0.18349;0.01451;
18.53547;10.22673;0.31614;0.74006;-0.00226;0.23488;0.02570;
18.54318;10.20278;0.28501;0.80233;0.00320;0.26511;0.03369;
18.55088;10.20039;0.28261;0.84065;0.00293;0.28096;0.03529;
18.55855;10.18841;0.32093;0.81191;-0.00107;0.28988;0.03555;
18.56626;10.17404;0.31135;0.89095;-0.00266;0.29600;0.03462;
18.57396;10.09980;0.25148;0.81910;-0.00093;0.27510;0.03475;
18.58165;10.09261;0.33530;0.98435;0.00013;0.24287;0.03102;
18.58933;10.04711;0.34488;1.02986;-0.00866;0.21531;0.02530;
18.59704;10.06866;0.29698;0.89574;-0.01851;0.20013;0.01185;
18.60473;10.14291;0.28980;0.98435;-0.02437;0.20679;0.01518;
18.61244;10.14770;0.30896;0.98435;-0.03289;0.22303;0.02117;
18.62014;10.17404;0.30417;0.86221;-0.03795;0.24460;0.02450;
18.62784;10.09501;0.29459;1.09213;-0.03782;0.24700;0.02224;
18.63554;10.14051;0.25866;1.00830;-0.04674;0.25406;0.02383;
18.64324;10.15009;0.26345;1.02507;-0.04447;0.29360;0.02011;
18.65095;10.13333;0.28501;1.02267;-0.04634;0.29227;0.01691;
18.65866;10.14530;0.26345;1.11847;-0.05619;0.28894;0.02277;
18.66638;10.16686;0.30417;1.14242;-0.06125;0.31171;0.02889;
18.67411;10.10219;0.28740;1.13045;-0.07031;0.31811;0.03142;
18.68184;10.13812;0.23232;1.15919;-0.07057;0.30293;0.04274;
18.68958;10.14530;0.28740;1.10650;-0.07537;0.33315;0.04953;
18.69731;10.13812;0.22753;1.20709;-0.07550;0.36471;0.05779;
18.70504;10.05669;0.23711;1.09692;-0.06351;0.36391;0.04434;
18.71276;10.03034;0.26824;1.34600;-0.05486;0.34167;0.04328;
18.72048;10.03992;0.19160;1.16637;-0.04314;0.31318;0.02996;
18.72818;10.06148;0.20118;1.22146;-0.02570;0.25699;0.01877;
18.73589;9.98244;0.22992;1.27894;-0.00799;0.16152;0.01025;
18.74356;10.08064;0.24190;1.31966;-0.00146;0.12663;0.00186;
18.75125;10.09501;0.25387;1.33163;-0.00240;0.12983;-0.00213;
18.75896;10.15728;0.21555;1.36756;-0.00732;0.16365;0.00253;
18.76667;10.17165;0.23232;1.34361;-0.01571;0.21664;0.01358;
18.77441;10.10219;0.23950;1.28613;-0.01505;0.24301;0.01345;
18.78212;10.06148;0.21076;1.46096;-0.00333;0.27443;-0.00053;
18.78982;9.87706;0.17484;1.38193;0.00799;0.22849;-0.00186;
18.79747;9.89383;0.24908;1.30768;0.01278;0.16804;-0.01518;
18.80513;9.99442;0.19879;1.40109;0.00519;0.17204;-0.02623;
18.81279;10.10219;0.19639;1.40588;0.00546;0.19773;-0.02370;
18.82050;10.04711;0.24908;1.48252;0.01132;0.25752;-0.03023;
18.82821;10.04950;0.25387;1.53521;0.00812;0.27909;-0.01558;
18.83591;10.05669;0.24908;1.50168;0.01425;0.21771;-0.00546;
18.84363;10.10698;0.21555;1.50647;0.00320;0.18069;0.01438;
18.85132;10.19081;0.16047;1.54479;0.00573;0.22769;0.03582;
18.85903;10.18602;0.14849;1.50647;0.00866;0.32729;0.04634;
18.86672;10.09261;0.24908;1.65975;0.00027;0.36498;0.05845;
18.87441;9.98005;0.22513;1.57592;0.00839;0.31797;0.05406;
18.88204;9.94891;0.25387;1.63340;0.01931;0.29068;0.03209;
18.88968;9.96568;0.30177;1.64538;0.01225;0.28668;0.02104;
18.89733;10.00160;0.19639;1.64059;0.00892;0.26791;0.02170;
18.90501;10.02795;0.24908;1.70046;0.00706;0.25406;0.01811;
18.91268;10.02555;0.21316;1.72920;-0.01651;0.24434;0.01784;
18.92041;9.98484;0.26345;1.75315;-0.04288;0.22463;0.01518;
18.92808;10.03274;0.21076;1.77950;-0.06391;0.21118;0.01012;
18.93580;10.07345;0.19879;1.72202;-0.08695;0.23741;0.02091;
18.94351;10.03753;0.17963;1.81063;-0.09787;0.26751;0.03116;
18.95126;10.06387;0.19879;1.82740;-0.10732;0.32210;0.03608;
18.95897;10.03992;0.17484;1.88009;-0.10266;0.33795;0.03622;
18.96670;9.95131;0.19160;1.81542;-0.08069;0.30066;0.04061;
18.97435;9.90820;0.16765;1.86333;-0.07204;0.23928;0.03449;
18.98203;9.98244;0.19400;1.82980;-0.07097;0.21970;0.03329;
18.98968;9.88425;0.22034;1.75315;-0.05260;0.22650;0.03555;
18.99736;9.96568;0.17963;1.90404;-0.04887;0.22743;0.02344;
19.00503;10.09980;0.11496;1.43701;-0.04807;0.28069;0.02091;
19.01274;10.03274;0.20118;2.28724;-0.04913;0.31824;0.01145;
19.02045;9.87706;0.16765;1.88967;-0.04234;0.27310;0.01904;
19.02811;10.00639;0.19400;1.82261;-0.02916;0.35898;0.02676;
19.03581;9.92975;0.18442;1.74357;-0.01731;0.50399;0.01651;
19.04348;9.86509;0.11736;2.08127;-0.01145;0.35912;0.01758;
19.05113;9.80761;0.17723;2.07169;-0.01904;0.18562;0.00679;
19.05880;9.92496;0.12933;2.05732;0.00346;0.14833;0.00613;
19.06642;9.95610;0.17244;2.11001;-0.02663;0.13835;0.01092;
19.07408;9.93933;0.14849;2.03816;-0.02450;0.15939;0.02130;
19.08174;9.92496;-0.01677;2.58662;-0.00972;0.23235;0.04168;
19.08944;9.97286;0.29219;1.82980;-0.01065;0.33888;0.03848;
19.09710;9.89862;0.05748;2.17947;-0.00293;0.33368;0.04075;
19.10476;9.93694;0.23950;1.96152;-0.00213;0.35779;0.03409;
19.11243;9.92496;0.19400;2.19384;0.00053;0.37696;0.03036;
19.12007;9.89862;0.17723;2.12199;-0.01371;0.37709;0.03555;
19.12773;9.95370;0.13891;2.26569;-0.00652;0.41757;0.03702;
19.13539;9.87946;0.11017;2.31838;-0.01491;0.44194;0.02730;
19.14307;9.82677;0.16047;2.39262;-0.03169;0.42263;0.02783;
19.15074;9.86030;0.12933;2.32556;-0.03702;0.39800;0.02104;
19.15838;9.87467;0.15807;2.38065;-0.03768;0.40066;0.02423;
19.16604;9.85551;-0.08383;2.52196;-0.03875;0.43781;0.04101;
19.17373;9.96568;0.28022;2.52435;-0.05859;0.53342;0.04754;
19.18140;9.80042;0.17244;2.49561;-0.06112;0.50838;0.05060;
19.18905;9.76449;0.13891;2.50280;-0.06924;0.43275;0.04447;
19.19672;9.83395;0.16047;2.55788;-0.06325;0.41930;0.03608;
19.20438;9.75012;0.10059;2.57225;-0.05433;0.41571;0.03662;
19.21204;9.74055;0.05509;2.60099;-0.04114;0.39693;0.03342;
19.21969;9.77168;0.00958;2.66326;-0.03129;0.38016;0.03848;
19.22735;10.00639;0.07904;2.98180;0.00652;0.46444;0.06844;
19.23501;9.77408;-0.06467;2.90276;-0.01039;0.56617;0.07656;
19.24270;9.80761;0.11975;2.81175;-0.01185;0.57922;0.07403;
19.25036;9.85072;0.37602;2.50759;-0.01571;0.59094;0.06205;
19.25801;9.65193;0.13891;2.66087;0.00253;0.53688;0.04541;
19.26566;9.54894;0.11017;2.90276;0.01265;0.43808;0.02623;
19.27331;9.59205;0.22274;2.86444;0.02224;0.35486;0.01318;
19.28098;9.68546;0.12215;2.91953;0.00879;0.30359;0.00679;
19.28860;9.62079;0.08862;2.93390;-0.00346;0.26724;0.01265;
19.29624;9.67109;0.10059;2.97940;-0.01744;0.27310;0.00905;
19.30388;9.60642;0.15568;2.99617;-0.02130;0.25792;0.00200;
19.31152;9.60642;0.13412;3.09916;-0.02636;0.21424;-0.00559;
19.31920;9.67109;0.09101;3.04886;-0.03395;0.19654;-0.00706;
19.32686;9.67109;0.10059;3.10155;-0.02823;0.20732;-0.00732;
19.33452;9.70222;0.08143;3.04407;-0.03169;0.20825;-0.00746;
19.34220;9.67348;0.05269;3.13748;-0.03102;0.20479;0.00160;
19.34984;9.66630;0.06706;3.07760;-0.02517;0.19507;0.00200;
19.35747;9.60403;0.05509;3.11832;-0.02743;0.17656;0.00905;
19.36511;9.65193;0.09101;3.13987;-0.03502;0.16817;0.01305;
19.37278;9.64953;0.06706;3.09916;-0.04301;0.20213;0.00905;
19.38043;9.65193;0.04311;3.16143;-0.04367;0.23901;0.01172;
19.38809;9.60403;0.07425;3.20454;-0.05486;0.24687;0.01478;
19.39575;9.58726;0.08862;3.15185;-0.04953;0.26151;0.01318;
19.40341;9.63277;0.03593;3.20454;-0.05073;0.27723;0.02250;
19.41108;9.56571;0.04311;3.21891;-0.04048;0.27443;0.03289;
19.41875;9.58008;0.03114;3.22609;-0.03422;0.25406;0.02796;
19.42641;9.63037;0.05748;3.24046;-0.02663;0.25073;0.03941;
19.43407;9.64714;0.08143;3.27160;-0.02823;0.27283;0.04035;
19.44176;9.61121;0.03114;3.30273;-0.02517;0.30013;0.04021;
19.44942;9.58247;0.05030;3.24525;-0.02250;0.33302;0.03688;
19.45709;9.63516;0.05269;3.31950;-0.02916;0.42942;0.03489;
19.46474;9.56810;0.04790;3.30752;-0.02903;0.50892;0.02983;
19.47240;9.51541;0.01198;3.34584;-0.02383;0.47736;0.03382;
19.48006;9.48188;0.04551;3.45122;-0.01691;0.42942;0.03209;
19.48772;9.52499;0.00958;3.48236;-0.01318;0.44846;0.03342;
19.49538;9.54415;0.03832;3.54942;-0.01784;0.48468;0.04381;
19.50304;9.53936;0.02156;3.56139;-0.04075;0.52756;0.06551;
19.51071;9.46033;-0.00479;3.61408;-0.03795;0.56457;0.06911;
19.51840;9.45554;0.02635;3.61169;-0.04008;0.57509;0.07403;
19.52606;9.49386;0.00479;3.64522;-0.04301;0.61131;0.07989;
19.53371;9.46512;0.03353;3.68833;-0.03555;0.65698;0.08016;
19.54138;9.34776;-0.05269;3.69791;-0.02863;0.65605;0.07084;
19.54906;9.27352;0.00000;3.75060;-0.01238;0.63048;0.05086;
19.55669;9.25196;-0.01198;3.76976;0.00186;0.58827;0.04727;
19.56435;9.27591;-0.03114;3.84161;0.00346;0.54886;0.04993;
19.57203;9.27591;-0.01198;3.89430;0.01012;0.50359;0.05126;
19.57969;9.28310;-0.04551;3.97094;0.00373;0.48481;0.05632;
19.58735;9.29507;-0.01916;4.01166;-0.00533;0.49374;0.05939;
19.59504;9.31902;-0.02635;3.99968;-0.01225;0.51983;0.06258;
19.60272;9.24717;-0.00958;4.02124;-0.01332;0.53954;0.05526;
19.61040;9.24957;-0.03353;4.04758;-0.03036;0.52396;0.05979;
19.61808;9.21364;-0.03353;4.10985;-0.03768;0.51344;0.06445;
19.62577;9.20406;-0.04551;4.22481;-0.03529;0.54633;0.06844;
19.63344;9.22082;-0.03832;4.20565;-0.04687;0.56670;0.06272;
19.64113;9.14658;-0.08383;4.21763;-0.04647;0.57949;0.06272;
19.64883;9.06275;-0.09341;4.29427;-0.05686;0.56457;0.05592;
19.65651;9.06754;-0.02395;4.27511;-0.05726;0.52716;0.04048;
19.66419;9.02443;-0.06467;4.29427;-0.06272;0.47935;0.03329;
19.67188;9.02204;-0.10299;4.41163;-0.06351;0.45019;0.02517;
19.67957;9.01006;-0.11257;4.46911;-0.06951;0.42183;0.01891;
19.68726;8.92624;-0.05030;4.44995;-0.03608;0.42316;0.02836;
19.69494;12.02539;0.33770;0.89813;-0.05499;0.82888;0.05140;
19.70263;8.48316;-0.19160;4.95051;-0.07470;0.79200;0.02583;
19.71030;8.94779;-0.06227;4.24876;-0.05086;0.63208;0.01225;
19.71798;9.16095;-0.08862;4.37091;-0.03688;0.59187;0.00772;
19.72566;8.87834;-0.05988;4.76369;-0.03835;0.55046;0.00346;
19.73334;8.61010;-0.22034;5.52292;-0.02903;0.54047;0.01505;
19.74102;9.06515;-0.00240;4.30625;-0.05406;0.55299;-0.00399;
19.74871;8.45681;-0.16047;5.21156;-0.01438;0.42663;-0.00093;
19.75641;8.90468;-0.05030;4.73495;-0.02170;0.34021;-0.00466;
19.76410;8.45681;-0.25148;5.74326;-0.01545;0.31398;0.01465;
19.77179;9.12981;0.01677;4.96488;-0.03941;0.45059;0.02290;
19.77945;8.37299;-0.22992;5.34808;-0.06218;0.54114;0.02250;
19.78713;9.11544;-0.00479;4.16733;-0.07244;0.60678;0.03249;
19.79482;8.58375;-0.19160;5.57321;-0.06831;0.64566;0.04421;
19.80253;9.00527;-0.05509;4.36133;-0.08482;0.72649;0.04434;
19.81021;8.90708;-0.13412;4.92655;-0.06618;0.80598;0.05073;
19.81790;8.61489;-0.21316;5.56363;-0.09720;0.81251;0.04607;
19.82558;8.52148;-0.09820;4.52419;-0.06631;0.81863;0.04980;
19.83326;8.40173;-0.20837;6.17676;-0.08668;0.86603;0.06338;
19.84096;8.96456;0.01916;4.35415;-0.10706;0.93421;0.04527;
19.84863;8.20294;-0.20597;5.53968;-0.09108;0.87376;0.04581;
19.85632;8.45442;-0.15807;4.95769;-0.09707;0.85631;0.03489;
19.86400;8.86157;-0.08383;5.60674;-0.10013;0.96084;0.05579;
19.87168;8.46879;-0.09101;4.74214;-0.13236;1.02089;0.02943;
19.87938;8.22929;-0.22274;6.36836;-0.10266;0.95858;0.04860;
19.88709;8.70829;-0.16286;4.68466;-0.11078;1.00838;0.03102;
19.89480;8.22210;-0.27303;6.10011;-0.07497;0.94047;0.04820;
19.90248;8.58375;-0.12933;5.29539;-0.08735;0.97522;0.03502;
19.91016;8.02811;-0.28501;6.08335;-0.06525;0.94686;0.05353;
19.91786;8.16462;-0.21316;5.61153;-0.06991;0.93208;0.04687;
19.92557;8.38017;-0.12215;5.24270;-0.06112;0.95019;0.04248;
19.93329;7.90356;-0.23471;6.43063;-0.05459;0.92329;0.04767;
19.94099;7.83650;-0.22513;5.91570;-0.05832;0.91597;0.04514;
19.94869;8.25563;-0.14610;5.49657;-0.04021;0.85924;0.04780;
19.95638;7.79100;-0.25148;6.12646;-0.04141;0.71091;0.03728;
19.96408;7.67843;-0.30417;6.49050;-0.02330;0.60345;0.03289;
19.97176;7.90596;-0.21316;6.17915;-0.03742;0.59214;0.02876;
19.97946;7.91793;-0.23471;6.23903;-0.02184;0.60252;0.03542;
19.98716;7.82932;-0.24908;6.46655;-0.03236;0.63634;0.03648;
19.99485;7.52276;-0.24669;6.49050;-0.02690;0.68002;0.03409;
20.00253;7.79579;-0.29938;6.95753;-0.03342;0.72795;0.03569;
20.01023;7.71915;-0.19639;6.56475;-0.03249;0.78761;0.03422;
20.01793;7.85327;-0.17723;6.35878;-0.02983;0.82422;0.03049;
20.02561;8.01374;-0.19879;6.39231;-0.02091;0.88601;0.04794;
20.03329;7.47725;-0.23471;6.34201;-0.05592;0.95298;0.02969;
20.04099;7.78381;-0.12694;6.16957;-0.04274;0.96044;0.03515;
20.04868;7.98500;-0.21076;6.45697;-0.04967;0.97442;0.03542;
20.05636;7.52994;-0.17244;6.12167;-0.05459;0.98081;0.03036;
20.06404;7.35989;-0.26824;6.95514;-0.02796;0.97242;0.03822;
20.07173;7.12518;-0.27543;6.33962;-0.04048;1.00824;0.03595;
20.07942;7.60658;-0.21076;6.26298;-0.03742;0.99892;0.03981;
20.08712;7.46528;-0.26106;6.68929;-0.03715;1.00891;0.04873;
20.09480;7.62574;-0.15089;6.29651;-0.03915;1.08840;0.04887;
20.10249;6.95035;-0.29938;7.31678;-0.00879;1.09053;0.06165;
20.11017;7.14195;-0.27543;7.14434;-0.02517;1.11477;0.05113;
20.11787;6.94556;-0.28022;7.17787;-0.00812;1.06816;0.04807;
20.12557;7.37187;-0.22992;6.69647;-0.00506;1.03527;0.04541;
20.13327;6.59588;-0.31135;7.33355;0.00666;0.99839;0.05499;
20.14094;7.12997;-0.29219;7.29762;0.02224;0.99852;0.05566;
20.14863;7.00064;-0.27782;6.85934;0.03981;1.02622;0.06458;
20.15630;6.53122;-0.30896;7.28086;0.04527;1.04832;0.06724;
20.16399;6.87610;-0.27543;7.06052;0.04660;1.03407;0.06418;
20.17165;6.02826;-0.33770;8.02092;0.04394;0.97762;0.08029;
20.17932;6.88329;-0.24429;7.05094;0.03156;1.02915;0.06485;
20.18700;6.34201;-0.34488;7.59461;0.03595;0.97149;0.07616;
20.19469;6.24142;-0.28980;7.79100;0.01851;0.86697;0.06112;
20.20237;6.14802;-0.29698;7.88919;0.02370;0.76138;0.05260;
20.21002;6.43063;-0.24429;7.58503;0.02743;0.78468;0.04927;
20.21769;6.06898;-0.31854;7.82453;0.02889;0.82023;0.04833;
20.22536;6.59109;-0.19160;7.92512;0.02410;0.91330;0.04900;
20.23302;6.47613;-0.23471;7.45091;0.01371;1.00398;0.04128;
20.24070;6.19592;-0.23232;8.16941;0.01851;0.99879;0.05606;
20.24837;5.53968;-0.28261;7.61616;0.02557;1.02502;0.05113;
20.25606;6.18394;-0.32812;8.09517;0.01838;1.03927;0.05539;
20.26375;5.82948;-0.28261;8.22689;0.01731;1.09546;0.07017;
20.27144;5.89893;-0.24429;8.09756;0.00613;1.07602;0.04780;
20.27910;5.76242;-0.30896;8.38017;0.04980;0.98547;0.07483;
20.28677;6.09772;-0.25627;7.98500;0.04700;1.01171;0.07017;
20.29444;5.78397;-0.23232;8.11433;0.06192;1.01929;0.07550;
20.30214;5.65704;-0.24908;8.35383;0.05286;0.98907;0.07124;
20.30981;5.85343;-0.22034;8.05206;0.06298;0.99799;0.08562;
20.31748;5.41993;-0.28501;8.28916;0.05180;1.01783;0.08642;
20.32516;5.61153;-0.19879;8.27000;0.04354;1.00984;0.08176;
20.33284;5.31934;-0.25627;8.29156;0.03635;0.97376;0.08588;
20.34053;5.28102;-0.22753;8.36820;0.04634;0.91117;0.08162;
20.34820;5.14929;-0.23711;8.35622;0.04687;0.82702;0.08069;
20.35586;5.10858;-0.20597;8.53585;0.03302;0.77576;0.06977;
20.36352;5.02475;-0.22034;8.44484;0.02224;0.75458;0.07031;
20.37120;4.84991;-0.31614;8.70350;0.02676;0.76297;0.07070;
20.37886;4.98643;-0.22274;8.57178;0.01638;0.81903;0.06085;
20.38652;5.12055;-0.23471;8.65321;0.01931;0.84087;0.06738;
20.39421;4.95051;-0.25866;8.55980;0.02184;0.78801;0.06764;
20.40188;4.85710;-0.27064;8.59572;0.04447;0.71064;0.06791;
20.40955;4.81878;-0.24190;8.68434;0.03968;0.67216;0.07057;
20.41723;4.76369;-0.25866;8.66758;0.04541;0.65845;0.07630;
20.42492;4.73495;-0.26585;8.64842;0.06019;0.66351;0.07483;
20.43260;4.76369;-0.23471;8.73464;0.05526;0.73088;0.08322;
20.44028;4.64155;-0.22513;8.76338;0.04674;0.79413;0.07936;
20.44796;4.57209;-0.19639;8.74182;0.04794;0.82942;0.07936;
20.45564;4.58167;-0.20597;9.05796;0.05659;0.90571;0.09334;
20.46331;4.48348;-0.27303;8.89989;0.04660;1.02169;0.08788;
20.47098;4.33259;-0.23471;8.92863;0.05939;1.06577;0.09720;
20.47866;4.43797;-0.19160;8.92384;0.05632;1.13527;0.09547;
20.48634;4.27271;-0.26106;8.96456;0.06019;1.17602;0.09214;
20.49402;4.18410;-0.22274;9.03162;0.06325;1.18507;0.09987;
20.50170;4.37091;-0.12933;8.93821;0.05180;1.20757;0.10213;
20.50938;4.13380;-0.20118;9.06036;0.05233;1.20212;0.09414;
20.51706;3.65241;-0.18202;9.26633;0.03262;1.19692;0.09174;
20.52475;3.76497;-0.19879;9.32860;0.02863;1.20358;0.08335;
20.53243;3.67157;-0.18202;9.10347;0.00932;1.21676;0.08309;
20.54012;3.87275;-0.18921;9.02922;0.01265;1.19879;0.07883;
20.54780;3.32668;-0.24669;9.19927;0.01012;1.12542;0.07883;
20.55550;3.34345;-0.22753;9.24238;0.01118;1.06936;0.08389;
20.56318;3.34105;-0.25627;9.20885;0.01957;1.02276;0.08788;
20.57086;3.34105;-0.17963;9.10347;0.01491;0.95565;0.07603;
20.57852;3.13987;-0.27064;9.29028;0.01571;0.90665;0.07843;
20.58619;3.09676;-0.23711;9.31663;0.01877;0.86217;0.07470;
20.59387;3.06563;-0.14849;9.35495;0.02051;0.81051;0.07004;
20.60153;2.99138;-0.22034;9.48428;0.02756;0.76457;0.06471;
20.60920;3.03449;-0.17005;9.36213;0.01718;0.75299;0.06578;
20.61687;3.01533;-0.15089;9.38848;0.01718;0.74140;0.06072;
20.62454;2.89797;-0.21795;9.45075;0.01238;0.74007;0.07097;
20.63220;3.15903;-0.11975;9.38608;0.00812;0.75179;0.07124;
20.63988;2.59141;-0.19160;9.44835;0.01105;0.72955;0.07616;
20.64756;2.85247;-0.17484;9.41482;0.00985;0.72915;0.07856;
20.65524;2.72074;-0.17723;9.45314;0.02264;0.73128;0.07537;
20.66293;2.69440;-0.16286;9.61600;0.01545;0.77842;0.08136;
20.67061;2.41178;-0.17244;9.75012;0.01638;0.83035;0.09720;
20.67827;2.64410;-0.11975;9.59924;-0.00040;0.88960;0.09427;
20.68595;2.45011;-0.18202;9.55373;0.00306;0.89520;0.09600;
20.69359;2.45490;-0.16047;9.55373;0.00093;0.89559;0.10706;
20.70127;2.32077;-0.13412;9.56571;-0.00346;0.87176;0.10319;
20.70897;2.29443;-0.20837;9.62079;-0.00852;0.88095;0.10333;
20.71666;2.23934;-0.18202;9.52499;-0.01185;0.90705;0.11318;
20.72434;2.14833;-0.18202;9.57050;-0.00053;0.94486;0.11478;
20.73204;2.13157;-0.19639;9.59924;-0.00120;0.97722;0.12623;
20.73974;2.03337;-0.20597;9.55134;0.00692;0.99413;0.12370;
20.74742;1.93997;-0.18681;9.66630;-0.00173;1.00159;0.11371;
20.75511;1.78908;-0.16765;9.64714;-0.00639;1.00172;0.10719;
20.76280;1.73160;-0.18202;9.57768;-0.01611;0.97562;0.10293;
20.77049;1.69567;-0.15089;9.68546;-0.01664;0.98760;0.10692;
20.77817;1.60227;-0.15089;9.78126;-0.01957;1.00505;0.09600;
20.78583;1.51126;-0.16765;9.74294;-0.02743;0.95511;0.08815;
20.79353;1.39390;-0.20358;9.73336;-0.02383;0.88255;0.08149;
20.80122;1.41785;-0.16765;9.71420;-0.01864;0.87216;0.08921;
20.80891;1.36037;-0.17963;9.76210;-0.02104;0.89812;0.08429;
20.81660;1.30289;-0.15568;9.70941;-0.02663;0.91011;0.07976;
20.82430;0.55804;-0.26345;9.79563;-0.01984;0.91730;0.08868;
20.83198;0.96280;-0.16286;9.63037;-0.02383;0.96417;0.08775;
20.83967;0.82389;-0.22513;9.63516;-0.02437;0.95498;0.08588;
20.84737;1.08255;-0.15568;9.71180;-0.03262;0.94380;0.08482;
20.85507;1.00112;-0.21076;9.73336;-0.02876;0.94646;0.08855;
20.86277;0.79036;-0.20837;9.77408;-0.03329;0.98934;0.10146;
20.87046;0.87179;-0.21555;9.72857;-0.01824;1.06204;0.12130;
20.87814;0.89334;-0.21555;9.75492;-0.00386;1.12955;0.12703;
20.88584;0.54367;-0.18921;9.71899;0.00186;1.13021;0.13502;
20.89351;0.54846;-0.17244;9.77168;-0.00559;1.12196;0.13582;
20.90121;0.43829;-0.18681;9.80521;0.00413;1.08774;0.13515;
20.90888;0.25866;-0.11017;9.76928;-0.00173;1.03368;0.12050;
20.91657;0.26824;-0.15568;9.78605;-0.00692;0.94939;0.10719;
20.92427;0.16047;-0.12694;9.77168;-0.01957;0.88055;0.09827;
20.93195;0.07185;-0.15807;9.79802;-0.01891;0.84633;0.08948;
20.93964;0.09341;-0.13652;9.73336;-0.02357;0.85605;0.08988;
20.94733;0.01198;-0.16526;9.67348;-0.03036;0.88441;0.08921;
20.95502;-0.54606;-0.18681;9.63277;-0.01332;0.89906;0.09853;
20.96273;-0.11257;-0.14610;9.70462;-0.02663;0.92888;0.09813;
20.97047;-0.25148;-0.15328;9.70462;-0.01278;0.90305;0.09827;
20.97818;-0.27543;-0.09341;9.77168;-0.03289;0.87269;0.08908;
20.98591;-1.00112;-0.15089;9.78605;-0.03009;0.88667;0.08003;
20.99361;-0.35446;-0.11736;9.76210;-0.05180;0.93874;0.07883;
21.00135;-0.28501;-0.17244;9.75731;-0.04940;0.95085;0.08442;
21.00906;-0.53648;-0.10538;9.62798;-0.04780;0.94606;0.10519;
21.01676;-0.59396;-0.16047;9.57529;-0.02983;0.95325;0.11744;
21.02448;-0.70414;-0.15328;9.73815;-0.03728;0.94752;0.12383;
21.03220;-0.66821;-0.18202;9.72617;-0.03622;0.91996;0.12503;
21.03993;-0.92208;-0.10299;9.68785;-0.04754;0.86111;0.11425;
21.04767;-0.97477;-0.11496;9.63516;-0.05672;0.79719;0.09401;
21.05538;-0.94364;-0.14610;9.71420;-0.06644;0.78707;0.08921;
21.06311;-1.06099;-0.10538;9.74055;-0.07523;0.78521;0.07883;
21.07084;-1.16637;-0.11975;9.63277;-0.07869;0.77842;0.07630;
21.07856;-1.10889;-0.14610;9.60163;-0.07750;0.77629;0.07310;
21.08629;-1.12805;-0.22034;9.61600;-0.07190;0.81251;0.07550;
21.09400;-1.14721;-0.19160;9.67348;-0.06844;0.84420;0.08961;
21.10171;-1.19511;-0.22513;9.62558;-0.04833;0.91583;0.10639;
21.10945;-1.28373;-0.18921;9.67348;-0.04367;0.96364;0.11891;
21.11720;-1.37235;-0.19400;9.64235;-0.03409;0.98481;0.13049;
21.12493;-1.52802;-0.18202;9.63037;-0.03355;0.97602;0.13076;
21.13266;-1.68849;-0.14370;9.57289;-0.04514;0.89906;0.12104;
21.14039;-1.93518;-0.13412;9.50104;-0.04048;0.82622;0.11398;
21.14812;-1.56395;-0.17723;9.63277;-0.03901;0.83421;0.11611;
21.15589;-1.84656;-0.19160;9.47949;-0.03941;0.82462;0.11278;
21.16362;-1.77710;-0.16765;9.55852;-0.03875;0.84540;0.12197;
21.17137;-1.89207;-0.14131;9.57289;-0.05246;0.89187;0.11797;
21.17911;-1.88009;-0.15807;9.53457;-0.06751;0.93701;0.10626;
21.18684;-1.97829;-0.19639;9.46991;-0.06378;0.97149;0.10000;
21.19456;-2.12438;-0.13173;9.35974;-0.06138;1.01836;0.09800;
21.20230;-2.26329;-0.16765;9.43638;-0.05832;1.02728;0.09893;
21.21003;-2.30880;-0.08143;9.41003;-0.06445;1.00198;0.10200;
21.21773;-2.28006;-0.13652;9.48907;-0.06937;1.00651;0.10293;
21.22546;-2.28964;-0.17963;9.35974;-0.06431;1.02462;0.11691;
21.23322;-2.42136;-0.18442;9.46751;-0.06471;1.04699;0.13156;
21.24098;-2.53393;-0.16047;9.33818;-0.07510;1.06563;0.14221;
21.24871;-2.66326;-0.13173;9.26154;-0.08602;1.05804;0.14021;
21.25645;-2.72074;-0.15089;9.24717;-0.09720;1.04446;0.13781;
21.26419;-2.79259;-0.15328;9.28070;-0.10959;1.06057;0.13515;
21.27192;-2.84768;-0.17005;9.12023;-0.10519;1.07509;0.13502;
21.27965;-2.88121;-0.15089;9.29507;-0.09813;1.12808;0.12876;
21.28740;-3.13269;-0.08143;9.11065;-0.08961;1.15844;0.11478;
21.29515;-3.02730;-0.12454;9.21125;-0.09720;1.17628;0.11198;
21.30289;-3.13269;-0.16765;9.05078;-0.08762;1.22089;0.11851;
21.31064;-3.25244;-0.18202;9.13939;-0.07337;1.28680;0.12543;
21.31838;-3.29555;-0.17244;9.04838;-0.06338;1.34725;0.13009;
21.32611;-3.48236;-0.12454;8.93342;-0.05832;1.34339;0.12357;
21.33386;-3.73863;-0.13652;8.86397;-0.05513;1.28667;0.10719;
21.34162;-4.05477;-0.10778;8.73464;-0.06418;1.14686;0.07390;
21.34936;-4.20805;-0.10778;8.73943;-0.08349;1.00198;0.02796;
21.35708;-3.97573;-0.11975;8.85439;-0.08362;0.93647;-0.00146;
21.36483;-3.90628;-0.15807;8.74661;-0.07670;0.94366;-0.01012;
21.37257;-4.10506;-0.14370;8.78733;-0.07843;0.98973;-0.00453;
21.38031;-3.68594;-0.19400;8.77296;-0.07776;1.04180;-0.01238;
21.38806;-4.16973;-0.24429;8.55501;-0.07084;1.05937;-0.00932;
21.39580;-4.00687;-0.14849;8.90708;-0.06471;1.10731;-0.00040;
21.40350;-4.31583;-0.12454;8.46639;-0.05592;1.16883;0.01997;
21.41125;-4.12422;-0.17005;8.80888;-0.05939;1.24739;0.03755;
21.41900;-4.16015;-0.18681;8.59572;-0.05912;1.27788;0.04927;
21.42674;-4.11225;-0.33530;8.54782;-0.04567;1.30997;0.07776;
21.43449;-4.29906;-0.35686;8.55980;-0.05832;1.31050;0.08961;
21.44220;-4.64873;-0.12454;8.84481;-0.04953;1.24872;0.09174;
21.44994;-4.64394;-0.20837;8.57657;-0.06511;1.29186;0.10319;
21.45769;-4.59604;-0.20837;8.58375;-0.06378;1.33074;0.10692;
21.46542;-4.93135;-0.13412;8.15983;-0.06844;1.31663;0.09481;
21.47318;-4.80441;-0.19400;8.34185;-0.07150;1.37775;0.09228;
21.48092;-5.00799;-0.14370;8.18618;-0.07790;1.38933;0.07403;
21.48865;-5.34329;-0.14131;7.92033;-0.07723;1.34259;0.04461;
21.49640;-5.30976;-0.15328;7.99458;-0.09214;1.30930;0.03355;
21.50414;-5.13013;-0.16526;7.83650;-0.08176;1.29226;0.03795;
21.51189;-5.19240;-0.19160;7.75986;-0.08921;1.29373;0.04181;
21.51962;-5.57561;-0.18921;7.87961;-0.06285;1.25511;0.06005;
21.52736;-5.35047;-0.22274;7.98979;-0.07550;1.20305;0.07017;
21.53509;-5.46543;-0.18681;7.76944;-0.07843;1.17029;0.07963;
21.54284;-5.47741;-0.18921;8.03769;-0.07257;1.19572;0.07963;
21.55059;-5.82948;-0.18202;7.50599;-0.07297;1.16244;0.09374;
21.55833;-5.66422;-0.20837;7.70957;-0.06312;1.11343;0.10093;
21.56608;-5.86540;-0.16286;7.59940;-0.06791;1.10798;0.11252;
21.57382;-5.76960;-0.16047;7.58024;-0.06578;1.18281;0.11571;
21.58156;-5.96599;-0.19639;7.34313;-0.06604;1.20571;0.11957;
21.58931;-6.11927;-0.15568;7.34073;-0.06391;1.16483;0.12130;
21.59706;-6.09532;-0.14370;7.29044;-0.06072;1.20105;0.13036;
21.60478;-6.35159;-0.17244;7.43893;-0.06418;1.23554;0.13502;
21.61252;-6.28453;-0.11017;7.23775;-0.06857;1.30904;0.13622;
21.62026;-6.38991;-0.14131;7.09405;-0.06751;1.32209;0.13395;
21.62802;-6.53840;-0.13173;6.90484;-0.06298;1.22515;0.13382;
21.63574;-6.47134;-0.15089;6.97669;-0.05832;1.21237;0.13102;
21.64348;-6.44021;-0.10299;7.02459;-0.07443;1.35258;0.13022;
21.65122;-6.73240;-0.09820;6.74437;-0.08296;1.33354;0.10679;
21.65894;-6.85694;-0.05988;6.65576;-0.07563;1.17482;0.08988;
21.66667;-6.73719;-0.11736;6.86173;-0.08296;1.16909;0.08442;
21.67443;-6.67492;-0.08862;6.84497;-0.08509;1.32568;0.08655;
21.68216;-6.90963;-0.12933;6.57433;-0.08708;1.31929;0.08615;
21.68991;-7.90356;0.12694;5.55405;-0.09201;1.23447;0.08149;
21.69763;-6.58870;-0.15568;6.88089;-0.10692;1.25831;0.07017;
21.70537;-7.38624;-0.10538;5.63548;-0.08735;1.15218;0.06631;
21.71310;-6.93598;-0.05988;6.55517;-0.08935;1.07336;0.06378;
21.72084;-7.25691;-0.11496;6.09532;-0.09574;1.01650;0.07603;
21.72856;-7.37906;-0.05030;6.00910;-0.09521;0.90651;0.06698;
21.73626;-7.37427;-0.10538;5.98515;-0.10053;0.79280;0.05739;
21.74398;-7.34553;-0.11017;6.14802;-0.11118;0.78108;0.05020;
21.75171;-7.36469;-0.06946;5.99473;-0.11052;0.80638;0.04594;
21.75945;-7.39822;-0.07185;5.99713;-0.10905;0.80279;0.04674;
21.76719;-7.30002;-0.10778;6.00671;-0.09334;0.89932;0.05273;
21.77490;-7.34792;-0.13652;5.92767;-0.09640;1.01250;0.06897;
21.78265;-7.80297;-0.00240;4.70861;-0.05233;0.97722;0.05313;
21.79036;-7.66167;-0.16765;5.68817;-0.07829;0.94713;0.04820;
21.79808;-7.63532;-0.12454;5.63309;-0.05166;0.87762;0.04367;
21.80581;-7.61137;-0.09101;5.68099;-0.06857;0.84127;0.03981;
21.81353;-7.73352;-0.06706;5.44867;-0.05433;0.83008;0.03715;
21.82125;-7.79100;-0.07664;5.44867;-0.06578;0.74300;0.03409;
21.82894;-7.86524;-0.10299;5.24270;-0.05872;0.62702;0.02969;
21.83666;-7.73591;-0.13173;5.40077;-0.06684;0.62436;0.04234;
21.84440;-7.58024;-0.13173;5.55884;-0.05499;0.70319;0.06977;
21.85212;-7.79339;-0.07664;5.32892;-0.05845;0.75259;0.07949;
21.85986;-7.91554;-0.08143;5.33850;-0.05246;0.71504;0.08176;
21.86760;-7.89638;-0.08862;5.26904;-0.04754;0.68401;0.06817;
21.87531;-7.88680;-0.06946;5.24509;-0.05619;0.72289;0.06418;
21.88303;-8.00895;-0.04311;5.19001;-0.05832;0.71783;0.05792;
21.89073;-8.10475;-0.00240;5.00799;-0.05566;0.65099;0.03262;
21.89843;-8.02811;-0.06467;5.01278;-0.05885;0.59746;0.02810;
21.90614;-8.06164;-0.05269;5.03194;-0.06032;0.56351;0.03409;
21.91386;-8.01374;-0.04551;4.94572;-0.07204;0.53927;0.03502;
21.92158;-7.92512;-0.07425;4.99362;-0.07284;0.56218;0.04900;
21.92930;-7.89398;-0.08862;5.08223;-0.07177;0.67669;0.07390;
21.93701;-7.84608;-0.05269;4.90500;-0.09001;0.80199;0.08801;
21.94471;-8.20055;-0.07664;4.60323;-0.06325;0.87842;0.09694;
21.95243;-8.03529;-0.03114;4.48348;-0.04620;0.91464;0.09694;
21.96015;-8.24845;-0.01916;4.96248;-0.06604;0.98641;0.08602;
21.96788;-8.27479;-0.00958;4.64873;-0.05632;1.02356;0.07323;
21.97560;-8.52148;0.01916;4.38049;-0.05366;0.86324;0.04700;
21.98330;-8.58854;0.02874;3.44883;-0.04527;0.72249;0.02836;
21.99097;-8.20534;-0.02395;5.08463;-0.06911;0.75392;0.02210;
21.99868;-8.48555;-0.01916;3.98531;-0.04993;0.68162;0.01731;
22.00641;-8.47118;0.01916;4.05477;-0.05113;0.56670;0.02703;
22.01410;-8.25803;-0.02874;4.72777;-0.04208;0.55112;0.03475;
22.02181;-8.33706;0.02874;4.32541;-0.04301;0.58135;0.05912;
22.02949;-8.40891;-0.00719;4.24397;-0.02770;0.65432;0.07310;
22.03720;-8.38496;-0.06467;4.27271;-0.03116;0.71903;0.08069;
22.04491;-8.40173;-0.02874;4.19847;-0.02690;0.74020;0.08935;
22.05262;-8.57896;0.01677;4.10985;-0.02264;0.72489;0.08069;
22.06031;-8.55261;0.01677;4.00447;-0.02091;0.71384;0.07723;
22.06800;-8.55741;0.02635;3.99250;-0.02130;0.71890;0.07190;
22.07567;-8.66997;0.03593;3.91107;-0.01957;0.66990;0.06405;
22.08335;-8.67955;0.02635;3.86796;-0.01944;0.62170;0.05659;
22.09103;-8.66279;0.03353;3.90149;-0.02170;0.61424;0.05153;
22.09872;-8.72266;0.08383;3.72665;-0.02264;0.59973;0.04101;
22.10641;-8.68913;0.03114;3.54942;-0.01545;0.59360;0.02397;
22.11410;-8.50950;0.03832;4.13620;-0.03169;0.62316;0.03395;
22.12178;-8.63644;0.04311;3.70270;-0.00333;0.61997;0.04101;
22.12947;-8.77296;0.06706;3.59732;-0.01531;0.58708;0.04700;
22.13715;-8.70829;0.02156;3.59971;-0.01478;0.60345;0.05326;
22.14483;-8.75380;0.06946;3.64522;-0.02477;0.62702;0.05220;
22.15251;-8.72985;0.06706;3.47757;-0.02916;0.60212;0.05566;
22.16020;-8.83523;0.11736;3.25483;-0.03209;0.56178;0.04660;
22.16788;-8.82325;0.10299;3.42727;-0.03236;0.54607;0.04740;
22.17557;-8.88552;0.05509;3.36740;-0.02610;0.49440;0.03941;
22.18325;-8.89510;0.04072;3.40093;-0.02397;0.43714;0.04128;
22.19093;-8.85199;0.05748;3.31471;-0.02477;0.43342;0.03302;
22.19862;-8.78972;0.08383;3.40572;-0.02557;0.45579;0.03422;
22.20631;-8.84002;0.09101;3.35303;-0.02277;0.44300;0.03182;
22.21398;-8.84720;0.09820;3.25244;-0.02184;0.43022;0.03595;
22.22167;-8.79451;0.14131;3.20693;-0.01704;0.45246;0.03981;
22.22937;-8.85678;0.12933;3.19735;-0.01425;0.48561;0.04208;
22.23707;-8.85439;0.12215;3.11592;-0.01984;0.51131;0.04541;
22.24478;-8.88073;0.08143;3.10874;-0.01358;0.55352;0.05206;
22.25246;-8.80649;0.09820;3.11353;-0.02756;0.60385;0.06045;
22.26014;-8.97653;0.14370;2.99617;-0.02357;0.57975;0.06844;
22.26783;-8.97414;0.13652;2.94108;-0.02663;0.55192;0.06325;
22.27552;-8.96216;0.13412;2.88360;-0.03316;0.57589;0.06658;
22.28323;-8.97893;0.12215;2.88839;-0.04221;0.55126;0.07124;
22.29093;-8.98851;0.13652;2.83331;-0.04248;0.49893;0.07297;
22.29864;-9.01725;0.14610;2.77822;-0.04527;0.47949;0.07523;
22.30633;-9.02204;0.14610;2.81894;-0.04660;0.51065;0.06751;
22.31403;-9.01246;0.17005;2.79020;-0.04501;0.53208;0.06178;
22.32171;-9.03162;0.18202;2.70637;-0.03036;0.58614;0.05939;
22.32944;-9.09868;0.17723;2.68003;-0.03182;0.60186;0.05766;
22.33713;-9.16813;0.16526;2.58902;-0.01611;0.57869;0.04820;
22.34485;-9.15855;0.18921;2.52914;-0.02370;0.51824;0.02863;
22.35255;-9.11305;0.22034;2.57704;-0.02583;0.50918;0.02597;
22.36025;-9.04359;0.14610;2.57225;-0.03129;0.50958;0.03036;
22.36793;-9.12263;0.17723;2.49322;-0.02916;0.49400;0.02770;
22.37563;-9.12023;0.18202;2.46448;-0.02863;0.46284;0.02756;
22.38332;-9.13221;0.15328;2.42615;-0.02849;0.47216;0.03063;
22.39102;-9.06754;0.17484;2.37107;-0.02383;0.53834;0.03848;
22.39871;-9.14179;0.17484;2.37825;-0.03169;0.54726;0.04381;
22.40642;-9.06275;0.17005;2.37825;-0.03422;0.54846;0.05180;
22.41412;-9.23520;0.18921;2.30401;-0.03542;0.56923;0.06671;
22.42181;-9.11065;0.20118;2.24174;-0.04288;0.55472;0.06525;
22.42951;-9.19688;0.17963;2.10043;-0.05286;0.49307;0.05619;
22.43721;-9.23520;0.17723;2.15552;-0.04114;0.44553;0.04833;
22.44492;-9.29028;0.25627;1.30289;-0.04620;0.44487;0.04554;
22.45260;-9.40524;0.20118;1.96152;-0.04740;0.47762;0.03515;
22.46029;-9.25196;0.24429;2.03098;-0.05699;0.44207;0.02876;
22.46798;-9.19927;0.22034;1.91362;-0.04980;0.41531;0.03395;
22.47567;-9.26633;0.23232;1.93278;-0.04740;0.40559;0.03608;
22.48337;-9.30944;0.23950;1.78668;-0.04900;0.37470;0.02889;
22.49104;-9.26873;0.21555;1.87051;-0.04248;0.34607;0.02676;
22.49874;-9.24238;0.23711;1.91123;-0.04381;0.32636;0.02929;
22.50645;-9.30944;0.25387;1.86333;-0.03675;0.28322;0.01132;
22.51415;-9.33100;0.20837;1.79387;-0.02889;0.26950;0.00573;
22.52184;-9.29268;0.21795;1.80824;-0.01704;0.31504;-0.00067;
22.52954;-9.29747;0.23950;1.78908;-0.01385;0.35739;-0.01025;
22.53725;-9.33579;0.24908;1.67412;-0.01252;0.34593;-0.01811;
22.54497;-9.23759;0.24429;1.68130;-0.00879;0.32317;-0.01691;
22.55270;-9.28310;0.25148;1.76273;-0.00333;0.32929;-0.00919;
22.56040;-9.29268;0.27064;1.71244;-0.01012;0.32410;-0.00772;
22.56809;-9.24717;0.25387;1.66454;-0.01451;0.31717;-0.00546;
22.57580;-9.26394;0.25387;1.64538;-0.01065;0.33542;0.00266;
22.58348;-9.30705;0.27064;1.60227;-0.01624;0.31424;0.00413;
22.59116;-9.33339;0.26585;1.54958;-0.01198;0.27816;-0.00719;
22.59889;-9.27112;0.22513;1.64298;-0.00972;0.27297;0.00506;
22.60658;-9.29028;0.24190;1.59029;-0.01185;0.28135;0.01305;
22.61426;-9.33818;0.23711;1.62143;-0.02051;0.25912;0.01478;
22.62196;-9.24957;0.27303;1.51844;-0.01305;0.26032;0.02051;
22.62965;-9.23041;0.23711;1.57832;-0.01931;0.30492;0.02969;
22.63735;-9.29507;0.26106;1.52323;-0.01744;0.33635;0.02823;
22.64503;-9.36932;0.24669;1.38911;-0.01877;0.31637;0.02277;
22.65273;-9.33579;0.24669;1.40109;-0.01305;0.28894;0.02130;
22.66042;-8.95977;0.43829;1.35798;-0.06019;0.30572;0.03156;
22.66812;-9.52739;0.26106;2.36867;-0.03569;0.31864;0.03142;
22.67581;-9.32142;0.22753;1.61664;-0.03329;0.25179;0.03782;
22.68352;-9.27112;0.24908;1.42264;-0.02943;0.23036;0.04727;
22.69122;-9.34537;0.30177;1.34600;-0.03236;0.25552;0.05379;
22.69893;-9.35016;0.28022;1.28134;-0.02503;0.29321;0.05553;
22.70662;-9.36453;0.29219;1.31966;-0.03129;0.29547;0.04700;
22.71430;-9.32142;0.23471;1.34840;-0.01798;0.25499;0.03768;
22.72201;-9.34776;0.27543;1.18553;-0.01478;0.28548;0.03196;
22.72971;-9.35974;0.28980;1.19990;-0.02024;0.33222;0.03316;
22.73740;-9.40285;0.30896;1.12087;-0.01185;0.33542;0.02317;
22.74510;-9.08431;0.32572;1.08973;-0.02410;0.32783;0.02623;
22.75278;-9.31423;0.25627;1.13524;-0.01904;0.30159;0.02370;
22.76047;-9.42919;0.29459;1.16158;-0.02197;0.27297;0.01238;
22.76816;-9.42440;0.28501;1.09452;-0.01358;0.30745;0.01398;
22.77586;-9.34297;0.28261;1.17356;-0.02064;0.36191;0.01678;
22.78355;-9.41003;0.27064;1.12805;-0.02836;0.34114;0.01638;
22.79126;-9.38129;0.34728;1.03225;-0.03422;0.30386;0.02170;
22.79895;-9.26154;0.25627;1.45138;-0.03236;0.31970;0.03182;
22.80666;-9.37650;0.32812;1.09452;-0.04181;0.30572;0.03968;
22.81435;-9.52739;0.33291;0.90532;-0.04048;0.22689;0.02064;
22.82204;-9.46751;0.32093;0.92687;-0.03901;0.20799;0.00013;
22.82971;-9.42680;0.33291;0.98196;-0.03675;0.24554;-0.01318;
22.83743;-9.38129;0.33291;0.92927;-0.03475;0.26404;-0.02170;
22.84514;-9.42201;0.28980;0.84784;-0.03102;0.24554;-0.02264;
22.85285;-9.38608;0.30656;0.90532;-0.02237;0.26271;-0.01025;
22.86056;-9.35255;0.29219;0.87418;-0.02024;0.31171;0.00466;
22.86824;-9.41722;0.33051;0.85742;-0.02130;0.32383;0.00892;
22.87592;-9.46033;0.28980;0.78317;-0.01039;0.29360;0.01092;
22.88360;-9.32381;0.29219;0.79515;-0.00679;0.31198;0.01917;
22.89129;-9.31184;0.32333;0.85742;-0.01904;0.32676;0.03063;
22.89898;-9.54415;0.29938;0.68498;-0.00293;0.27763;0.00666;
22.90665;-9.46272;0.29698;0.69935;-0.00160;0.25233;-0.00533;
22.91433;-9.40045;0.30417;0.68977;0.00160;0.26218;-0.00799;
22.92201;-9.47470;0.30177;0.62510;-0.00373;0.19214;-0.01158;
22.92970;-9.41722;0.34488;0.63947;0.00439;0.10319;-0.01531;
22.93739;-9.37890;0.33530;0.72569;0.00133;0.09600;-0.00533;
22.94507;-9.41243;0.32093;0.70414;-0.00133;0.09387;0.00626;
22.95274;-9.41722;0.30896;0.59396;0.00107;0.05300;0.01718;
22.96039;-9.32860;0.29459;0.61313;-0.00040;0.05353;0.03635;
22.96808;-9.31663;0.32093;0.68977;-0.00226;0.10359;0.05806;
22.97575;-9.24957;0.39278;0.72569;-0.02344;0.12636;0.06977;
22.98346;-9.28549;0.28980;0.92687;-0.00746;0.11518;0.06724;
22.99114;-9.30944;0.38081;0.61313;-0.01425;0.08775;0.06551;
22.99884;-9.48907;0.38799;0.55564;-0.01012;0.07044;0.04993;
23.00652;-9.43638;0.36404;0.74725;-0.01691;0.06604;0.03941;
23.01420;-9.54176;0.34488;0.55325;-0.01531;0.00892;0.01984;
23.02188;-9.43877;0.38081;0.57001;-0.01385;-0.02330;0.00706;
23.02956;-9.39806;0.39278;0.60115;-0.01971;0.00959;0.01332;
23.03724;-9.43638;0.39518;0.62989;-0.02357;0.02650;0.00466;
23.04492;-9.50823;0.39039;0.59157;-0.02170;-0.00852;-0.00146;
23.05262;-9.42680;0.38320;0.62271;-0.01931;-0.01371;-0.01012;
23.06035;-9.36453;0.38320;0.59636;-0.01917;0.02450;-0.00360;
23.06805;-9.41482;0.36644;0.55804;-0.01638;0.03316;0.00027;
23.07573;-9.44117;0.34009;0.51732;-0.02077;0.00200;0.00173;
23.08338;-9.38848;0.33530;0.64187;-0.01891;0.01185;0.01238;
23.09107;-9.37650;0.33051;0.58199;-0.02144;0.05246;0.01758;
23.09877;-9.43159;0.34249;0.58917;-0.02450;0.04181;0.01558;
23.10645;-9.51541;0.36883;0.50774;-0.02144;0.00919;0.01252;
23.11414;-9.43638;0.39518;0.63708;-0.01371;0.01012;0.00772;
23.12182;-9.44596;0.37362;0.55804;-0.01505;0.02091;0.00386;
23.12949;-9.40045;0.38560;0.62271;-0.01571;0.01278;0.01198;
23.13718;-9.36213;0.36644;0.60115;-0.01385;0.00280;0.01917;
23.14486;-9.41722;0.41194;0.57480;-0.00959;0.00506;0.02144;
23.15253;-9.41482;0.38320;0.55325;-0.01092;0.01664;0.02517;
23.16022;-9.60163;0.39278;0.58678;-0.02091;-0.05419;0.01345;
23.16792;-9.42680;0.34009;0.52930;-0.01811;-0.10865;0.02130;
23.17563;-9.31902;0.42152;0.71132;-0.01917;-0.03382;0.02370;
23.18334;-9.66390;0.38560;0.33051;-0.01917;-0.01158;0.00959;
23.19105;-9.56092;0.36883;0.51972;-0.01345;-0.03102;0.00666;
23.19875;-9.41961;0.36883;0.52690;-0.01225;-0.02117;0.00599;
23.20646;-9.41482;0.38320;0.57480;-0.01744;0.00559;0.00040;
23.21412;-9.40285;0.39997;0.63947;-0.01238;0.02983;-0.00293;
23.22181;-9.33818;0.37362;0.69935;-0.01451;0.04354;0.00453;
23.22951;-9.32860;0.35207;0.66103;-0.02290;0.03395;0.02184;
23.23720;-9.31184;0.39997;0.61792;-0.02756;0.04487;0.03901;
23.24490;-9.30226;0.43110;0.58199;-0.03622;0.08296;0.05606;
23.25259;-9.44835;0.29698;0.54127;-0.02437;0.08708;0.05965;
23.26029;-9.62319;0.43110;0.55085;-0.03595;0.07736;0.04208;
23.26797;-9.49146;0.45026;0.48140;-0.03755;0.06418;0.02943;
23.27566;-9.46512;0.43350;0.58678;-0.02929;0.08575;0.02184;
23.28334;-9.44596;0.37602;0.56043;-0.02184;0.11225;0.00692;
23.29103;-9.43398;0.42392;0.61073;-0.01518;0.13928;0.00413;
23.29872;-9.39327;0.38799;0.58199;-0.01079;0.14980;0.00839;
23.30641;-9.46033;0.37602;0.57480;-0.01318;0.15113;0.00306;
23.31410;-9.48188;0.44547;0.57480;-0.00999;0.14527;0.00053;
23.32177;-9.44356;0.42871;0.49816;-0.02250;0.11385;-0.00080;
23.32946;-9.52260;0.39997;0.45266;-0.01917;0.07683;-0.01624;
23.33716;-9.42680;0.43110;0.54846;-0.02104;0.06525;-0.02117;
23.34486;-9.48428;0.41673;0.42392;-0.01864;0.07150;-0.02463;
23.35257;-9.49146;0.41913;0.50774;-0.01957;0.06831;-0.02903;
23.36028;-9.37650;0.39997;0.51493;-0.01025;0.08202;-0.03635;
23.36799;-9.29028;0.38081;0.56522;-0.01558;0.13009;-0.00866;
23.37569;-9.32381;0.39278;0.51493;-0.01984;0.14008;0.01238;
23.38338;-9.49386;0.40236;0.39039;-0.02450;0.12863;0.02117;
23.39108;-9.40045;0.42871;0.34009;-0.02730;0.13515;0.03648;
23.39876;-9.40764;0.36404;0.44787;-0.03169;0.14074;0.04008;
23.40645;-9.48188;0.39997;0.40476;-0.03728;0.11598;0.03928;
23.41414;-9.47230;0.45745;0.46942;-0.04035;0.08389;0.03249;
23.42183;-9.47709;0.42871;0.46942;-0.04141;0.06644;0.02077;
23.42952;-9.47230;0.48619;0.39757;-0.03475;0.04541;0.00346;
23.43720;-9.45554;0.41673;0.37123;-0.03822;0.03395;-0.01158;
23.44491;-9.55373;0.44308;0.41194;-0.02357;0.03023;-0.01997;
23.45260;-9.57050;0.42631;0.44787;-0.01012;0.03236;-0.01065;
23.46030;-9.15376;0.43110;0.45026;-0.01838;0.08043;-0.00759;
23.46800;-9.47230;0.39757;0.40236;-0.01332;0.09720;0.00599;
23.47568;-9.39566;0.43589;0.40476;-0.01118;0.08043;0.00972;
23.48337;-9.49146;0.41673;0.45266;-0.01465;0.07403;0.00666;
23.49105;-9.45314;0.40236;0.36404;-0.00879;0.10466;0.01944;
23.49874;-9.37411;0.43110;0.28501;-0.00999;0.14327;0.02730;
23.50641;-9.45075;0.45505;0.33051;-0.00826;0.15140;0.02357;
23.51410;-9.23520;0.51493;0.00000;-0.02170;0.17084;0.02610;
23.52176;-9.46991;0.41434;0.68977;-0.01784;0.17350;0.02969;
23.52946;-9.47709;0.43589;0.39518;-0.02290;0.11012;0.02184;
23.53716;-9.41722;0.43350;0.36644;-0.01571;0.07896;0.02463;
23.54486;-9.39806;0.41194;0.33291;-0.03169;0.10999;0.02264;
23.55256;-9.48188;0.45026;0.23471;-0.03968;0.09680;0.02064;
23.56025;-9.40764;0.43589;0.31375;-0.02796;0.08588;0.01971;
23.56794;-9.40764;0.44547;0.26585;-0.03316;0.11198;0.01984;
23.57565;-9.46272;0.44068;0.29459;-0.04141;0.10759;0.01411;
23.58334;-9.49386;0.50535;0.28022;-0.04301;0.07710;0.01158;
23.59104;-9.45554;0.44068;0.23471;-0.04354;0.08122;0.00666;
23.59872;-9.43638;0.45505;0.25627;-0.04328;0.11624;0.00533;
23.60641;-9.53457;0.45745;0.16047;-0.03941;0.11331;-0.00107;
23.61411;-9.50104;0.42392;0.23711;-0.02543;0.13675;-0.00599;
23.62181;-9.43877;0.43829;0.22992;-0.02197;0.18602;-0.01518;
23.62954;-9.50104;0.45984;0.17963;-0.01624;0.16418;-0.03489;
23.63724;-9.46512;0.45745;0.14370;-0.01904;0.11877;-0.03968;
23.64494;-9.45314;0.46224;0.25627;-0.01864;0.10373;-0.03569;
23.65265;-9.38848;0.45984;0.22034;-0.02157;0.10333;-0.02969;
23.66035;-9.41243;0.43589;0.20358;-0.02929;0.08269;-0.02423;
23.66804;-9.40524;0.44308;0.19639;-0.03276;0.02716;-0.01971;
23.67576;-9.36692;0.43350;0.17723;-0.03901;0.03462;0.00080;
23.68343;-9.44835;0.43350;0.18202;-0.04221;0.04967;0.01651;
23.69112;-9.51781;0.48858;0.15089;-0.03861;0.03355;0.00599;
23.69880;-9.45314;0.41194;0.20358;-0.03289;0.02770;0.00067;
23.70646;-9.34058;0.42392;0.17963;-0.02557;0.03755;0.00546;
23.71415;-9.43398;0.43589;0.17723;-0.03715;0.03435;0.01917;
23.72183;-9.45554;0.44547;0.18442;-0.02636;0.03222;0.01305;
23.72951;-9.45314;0.45984;0.19400;-0.03182;0.02956;0.00000;
23.73715;-9.44835;0.45505;0.17005;-0.03063;0.06764;-0.00080;
23.74482;-9.52978;0.48140;0.15328;-0.02863;0.04967;-0.00919;
23.75252;-9.55134;0.44547;0.11496;-0.02743;-0.01185;-0.02157;
23.76025;-9.40524;0.47421;0.13652;-0.03435;-0.02383;-0.02743;
23.76798;-9.64714;0.43110;0.16286;-0.03009;-0.01398;-0.03169;
23.77571;-9.49865;0.42631;0.20118;-0.02929;0.00839;-0.00959;
23.78341;-9.54655;0.38799;0.11496;-0.01811;-0.01358;0.00905;
23.79112;-9.44835;0.41913;0.22274;-0.04194;-0.02756;0.00306;
23.79883;-9.39566;0.40715;0.19160;-0.04554;-0.02024;0.01292;
23.80653;-9.33339;0.42392;0.21076;-0.05952;-0.04035;0.01758;
23.81424;-9.63756;0.45505;0.23232;-0.05419;-0.06205;0.02583;
23.82194;-9.43638;0.44547;0.20118;-0.05180;-0.06325;0.02024;
23.82966;-9.51062;0.44308;0.12933;-0.04328;-0.05313;0.00732;
23.83737;-9.43398;0.45026;0.20358;-0.03995;-0.02823;0.00146;
23.84506;-9.39087;0.43110;0.17484;-0.03622;-0.01864;0.00879;
23.85276;-9.44835;0.40715;0.28501;-0.03449;-0.02490;-0.00639;
23.86048;-9.41482;0.46463;0.09580;-0.02969;-0.01172;-0.01305;
23.86820;-9.41482;0.42631;0.16765;-0.02889;0.00613;-0.00666;
23.87590;-9.38608;0.42631;0.18681;-0.02730;-0.00453;0.00333;
23.88359;-9.42201;0.43350;0.18921;-0.02490;-0.00812;0.02250;
23.89128;-9.42201;0.46224;0.16765;-0.01957;0.00027;0.02676;
23.89895;-9.50104;0.45026;0.21076;-0.02304;-0.00679;0.01997;
23.90665;-9.44356;0.44068;0.15328;-0.01931;-0.02756;0.01425;
23.91435;-9.45314;0.43110;0.21316;-0.01505;-0.00639;0.00892;
23.92205;-9.46272;0.48140;0.19400;-0.01238;0.02357;0.01132;
23.92973;-9.44356;0.45505;0.24429;-0.01478;0.03023;0.00919;
23.93739;-9.50344;0.48379;0.17244;-0.01158;0.02743;0.00413;
23.94507;-9.44835;0.46463;0.19400;-0.01758;0.02157;0.00093;
23.95274;-9.50344;0.46224;0.20837;-0.01611;0.02836;0.00040;
23.96040;-9.46512;0.48619;0.25627;-0.02344;0.02357;-0.00399;
23.96809;-9.48428;0.46703;0.22274;-0.02317;0.01252;0.00373;
23.97577;-9.42440;0.48140;0.18681;-0.03102;0.00772;0.00626;
23.98344;-9.45314;0.48858;0.22034;-0.03449;0.00200;0.00306;
23.99110;-9.45314;0.43350;0.19879;-0.03835;-0.00240;-0.00080;
23.99880;-9.49146;0.45984;0.16526;-0.03422;-0.01145;0.00266;
24.00650;-9.44117;0.47182;0.16765;-0.02983;-0.01744;0.00133;
24.01421;-9.37171;0.43350;0.20837;-0.02530;-0.00386;0.01332;
24.02190;-9.48428;0.46703;0.20358;-0.02703;0.00985;0.02317;
24.02959;-9.41243;0.48140;0.19879;-0.02570;0.00386;0.01598;
24.03726;-9.42440;0.45984;0.18442;-0.02463;0.00679;0.02184;
24.04494;-9.20167;0.49098;-0.14131;-0.03049;0.02663;0.02277;
24.05264;-9.49146;0.47421;0.45266;-0.01917;0.03302;0.02330;
24.06033;-9.52260;0.47900;0.19639;-0.01358;0.01012;0.01478;
24.06801;-9.42440;0.50295;0.17723;-0.01118;0.02264;0.00985;
24.07570;-9.46751;0.48619;0.14610;-0.01118;0.03662;0.00333;
24.08338;-9.47230;0.46224;0.19400;-0.01371;0.01651;-0.00093;
24.09108;-9.46033;0.50056;0.12454;-0.01145;-0.01265;-0.01172;
24.09881;-9.45554;0.46703;0.11736;-0.01518;0.00013;-0.00652;
24.10651;-9.42440;0.49337;0.16526;-0.01265;0.01198;-0.00772;
24.11421;-9.47470;0.48858;0.26824;-0.01598;-0.00892;-0.00466;
24.12192;-9.34537;0.45505;0.16526;-0.02490;-0.01425;-0.01465;
24.12967;-9.41003;0.46942;0.14131;-0.02916;0.00333;-0.00812;
24.13736;-9.49865;0.46224;0.16765;-0.02583;0.00999;0.00360;
24.14503;-9.35734;0.45026;0.17723;-0.02743;0.00399;0.00652;
24.15270;-9.36932;0.47661;0.26824;-0.03156;0.01585;0.00746;
24.16039;-9.43398;0.45266;0.26585;-0.03555;0.03409;0.02836;
24.16808;-9.38608;0.48619;0.08862;-0.03795;0.02983;0.02676;
24.17576;-9.50104;0.43110;0.16047;-0.03675;0.02197;0.02570;
24.18344;-9.45075;0.48140;0.21555;-0.03835;0.03209;0.02983;
24.19112;-9.44835;0.50535;0.11257;-0.03755;0.02170;0.01718;
24.19881;-9.53697;0.52451;0.12215;-0.04128;-0.00639;0.01598;
24.20651;-9.57529;0.48858;0.17005;-0.03901;-0.02210;0.00067;
24.21421;-9.46512;0.51014;0.22034;-0.03782;-0.00892;-0.00719;
24.22194;-9.45793;0.52211;0.16286;-0.03875;0.00093;-0.00799;
24.22962;-9.44596;0.52930;0.11975;-0.03276;-0.00586;-0.00812;
24.23734;-9.46033;0.46942;0.16765;-0.03795;-0.00866;-0.01611;
24.24507;-9.43877;0.49816;0.17005;-0.03036;0.01678;-0.02583;
24.25276;-9.43398;0.48619;0.16047;-0.02597;0.04128;-0.03422;
24.26047;-9.43877;0.48140;0.18681;-0.02477;0.03955;-0.03688;
24.26818;-9.48907;0.47661;0.12694;-0.02530;0.02636;-0.04474;
24.27587;-9.52020;0.49098;0.16047;-0.02330;0.02237;-0.04860;
24.28356;-9.45554;0.51253;0.13652;-0.02304;0.02370;-0.05140;
24.29127;-9.40524;0.44787;0.17484;-0.02383;0.01611;-0.04740;
24.29897;-9.46751;0.45266;0.18202;-0.03342;-0.00746;-0.04647;
24.30671;-9.43159;0.44787;0.18442;-0.03369;-0.01944;-0.04407;
24.31444;-9.35974;0.43110;0.22992;-0.03755;-0.02490;-0.02144;
24.32218;-9.36213;0.45745;0.24190;-0.04634;-0.03196;0.00373;
24.32989;-9.44596;0.49337;0.16047;-0.04634;-0.03169;0.01065;
24.33760;-9.41961;0.46463;0.14610;-0.04594;-0.02503;0.01545;
24.34530;-9.38608;0.49816;0.14610;-0.03222;-0.00759;0.01438;
24.35300;-9.44835;0.46942;0.18681;-0.02756;-0.00666;0.01265;
24.36069;-9.46512;0.46942;0.15568;-0.02184;-0.00360;0.00000;
24.36833;-9.47470;0.45984;0.13412;-0.01105;0.01398;-0.00706;
24.37602;-9.47949;0.47661;0.21076;-0.00826;0.03635;-0.01025;
24.38371;-9.44117;0.46224;0.21555;-0.00426;0.02011;-0.01451;
24.39142;-9.47230;0.42392;0.16047;-0.00945;0.00839;-0.01798;
24.39912;-9.43159;0.40715;0.19639;-0.01025;0.00706;-0.00945;
24.40680;-9.47230;0.44787;0.22992;-0.01478;0.00453;-0.00945;
24.41450;-9.48188;0.45745;0.17484;-0.01744;-0.01185;-0.01318;
24.42223;-9.37890;0.48619;0.19160;-0.02130;-0.01411;-0.00519;
24.42996;-9.41961;0.47182;0.17005;-0.02889;-0.02184;0.00120;
24.43765;-9.46991;0.44308;0.16047;-0.03262;-0.03089;-0.00253;
24.44538;-9.45314;0.47182;0.15568;-0.03502;-0.01944;-0.00146;
24.45311;-9.36692;0.44308;0.21555;-0.04341;-0.01039;0.00413;
24.46082;-9.46512;0.46703;0.17244;-0.04367;-0.02969;0.00826;
24.46854;-9.50583;0.45026;0.19639;-0.04461;-0.04061;0.00226;
24.47623;-9.46991;0.47661;0.11257;-0.04221;-0.01798;-0.00772;
24.48397;-9.50104;0.47900;0.10059;-0.04634;-0.01185;-0.00905;
24.49168;-9.45075;0.44068;0.16765;-0.03928;-0.03622;-0.00852;
24.49940;-9.47709;0.45505;0.26585;-0.04021;-0.03795;-0.01718;
24.50714;-9.43638;0.42152;0.18202;-0.04008;-0.01904;-0.00879;
24.51486;-9.42201;0.50056;0.19879;-0.04341;-0.01385;-0.00013;
24.52258;-9.44835;0.44547;0.21795;-0.04581;-0.01771;0.00506;
24.53028;-9.42919;0.47421;0.22513;-0.04314;-0.01012;-0.00200;
24.53799;-9.44117;0.41673;0.18681;-0.04594;0.01451;0.00333;
24.54568;-9.47230;0.47182;0.17244;-0.03955;0.02383;-0.00546;
24.55336;-9.42440;0.46224;0.21076;-0.03289;0.02889;-0.00706;
24.56105;-9.42201;0.47421;0.23950;-0.02357;0.04767;-0.00999;
24.56875;-9.49865;0.44308;0.24908;-0.02157;0.04367;-0.02304;
24.57645;-9.44356;0.44068;0.14370;-0.02117;0.03089;-0.02517;
24.58415;-9.46991;0.47661;0.16286;-0.02716;0.01971;-0.02690;
24.59186;-9.41243;0.41913;0.17005;-0.02636;0.01265;-0.01718;
24.59957;-9.41482;0.41673;0.21076;-0.03036;0.01198;-0.01518;
24.60726;-9.47230;0.45745;0.20358;-0.02770;0.00559;-0.00679;
24.61495;-9.44117;0.44547;0.20118;-0.03316;0.00652;-0.01132;
24.62266;-9.38369;0.45026;0.17963;-0.02956;0.00093;-0.00466;
24.63037;-9.37171;0.42631;0.21316;-0.03409;0.01292;-0.00013;
24.63807;-9.43159;0.46224;0.15328;-0.02557;0.01957;0.00386;
24.64576;-9.46512;0.47421;0.22513;-0.02450;0.01877;-0.00133;
24.65345;-9.39806;0.41194;0.18921;-0.01957;0.03342;-0.00493;
24.66115;-9.48188;0.46463;0.15568;-0.01465;0.03835;0.00107;
24.66883;-9.51302;0.44787;0.15807;-0.00959;0.01997;-0.00652;
24.67653;-9.45075;0.47182;0.17723;-0.01438;0.00533;-0.00959;
24.68423;-9.44596;0.42631;0.11017;-0.00280;0.00626;-0.00919;
24.69192;-9.46991;0.45984;0.09580;-0.00639;-0.00892;-0.01318;
24.69964;-9.45075;0.40476;0.20358;0.00559;-0.01771;-0.01145;
24.70734;-9.42919;0.44547;0.13412;0.00759;-0.00519;-0.00732;
24.71503;-9.38369;0.43589;0.20118;0.00905;0.00626;0.01092;
24.72267;-9.44835;0.43829;0.21795;0.00732;0.00786;0.01758;
24.73032;-9.39327;0.43110;0.19400;-0.00213;0.01039;0.01585;
24.73800;-9.41003;0.46463;0.21555;0.00067;0.02157;0.01438;
24.74565;-9.41003;0.45745;0.09580;0.00439;0.02557;0.01332;
24.75330;-9.48188;0.46463;0.24669;-0.00453;0.03023;0.01105;
24.76096;-9.42201;0.46463;0.16765;-0.00999;0.02650;0.01318;
24.76864;-9.12502;0.48619;0.03832;-0.02210;0.01877;-0.01145;
24.77635;-9.51541;0.45505;0.06227;-0.02290;0.00759;-0.01704;
24.78405;-9.77647;0.46942;0.12933;-0.00812;0.00173;0.01092;
24.79171;-9.19688;0.47661;0.09101;-0.00360;0.01039;0.01385;
24.79940;-9.72138;0.46703;0.15807;-0.01784;0.00306;0.00266;
24.80706;-9.48428;0.45984;0.16765;-0.00919;-0.02543;0.01345;
24.81476;-9.04359;0.48858;0.10538;-0.03049;-0.01957;0.00200;