8.36512;-0.77180;0.50954;7.28086;-0.78947;0.01398;0.18429;
8.37275;-0.77299;0.48739;7.28385;-0.81863;0.00373;0.18908;
8.38037;-0.76222;0.37662;7.13895;-0.82649;-0.01092;0.19507;
8.38802;-0.74725;0.38021;7.12219;-0.82462;-0.01891;0.19454;
8.39567;-0.64187;0.24190;6.93897;-0.80239;-0.02051;0.19054;
8.40332;-0.62809;0.21974;6.95214;-0.74646;-0.00146;0.18189;
8.41096;-0.65983;0.34249;7.04256;-0.72662;0.00320;0.18056;
8.41859;-0.67540;0.34129;7.08147;-0.70452;0.00173;0.18349;
8.42620;-0.76042;0.35686;7.05513;-0.70199;-0.00253;0.18215;
8.43384;-0.71791;0.35087;6.96053;-0.71517;-0.00732;0.17270;
8.44147;-0.70354;0.26465;6.89406;-0.72729;-0.00519;0.16418;
8.44912;-0.71671;0.29099;6.93658;-0.75086;0.00493;0.15406;
8.45674;-0.73168;0.31495;7.05872;-0.75538;0.00719;0.15140;
8.46438;-0.77778;0.31495;7.13117;-0.75272;0.00320;0.15100;
8.47201;-0.74066;0.29878;7.13177;-0.75299;-0.00160;0.15193;
8.47964;-0.72270;0.25567;7.09584;-0.74966;-0.00386;0.15206;
8.48726;-0.71970;0.24309;7.13297;-0.74233;-0.00080;0.14780;
8.49488;-0.73886;0.26824;7.10483;-0.74593;0.00453;0.14128;
8.50252;-0.74126;0.30237;7.14973;-0.75285;0.00466;0.13955;
8.51014;-0.72509;0.32453;7.12039;-0.76976;-0.00040;0.14114;
8.51778;-0.72330;0.32273;7.10004;-0.78295;-0.00080;0.14088;
8.52540;-0.71431;0.29698;7.10123;-0.81810;0.00067;0.14234;
8.53303;-0.69276;0.26764;7.07070;-0.84193;0.00280;0.14234;
8.54064;-0.67300;0.29399;7.09345;-0.89200;0.00626;0.14208;
8.54824;-0.68258;0.27423;7.13476;-0.90878;0.01585;0.14128;
8.55587;-0.69396;0.26166;7.20182;-0.89014;0.02104;0.14061;
8.56350;-0.72749;0.28201;7.23296;-0.82116;0.02317;0.14261;
8.57114;-0.71491;0.28141;7.23116;-0.78201;0.02503;0.14407;
8.57876;-0.70952;0.29219;7.25930;-0.73648;0.02996;0.15060;
8.58639;-0.71491;0.31315;7.23176;-0.74114;0.03142;0.15393;
8.59403;-0.70713;0.33650;7.24553;-0.78721;0.03355;0.16285;
8.60167;-0.72150;0.34369;7.21200;-0.81424;0.03329;0.16471;
8.60930;-0.73707;0.32093;7.19584;-0.85805;0.02916;0.17217;
8.61693;-0.71551;0.28920;7.18985;-0.86630;0.02663;0.17417;
8.62457;-0.75204;0.22573;7.20721;-0.84433;0.02517;0.17536;
8.63220;-0.74425;0.22872;7.21560;-0.81743;0.02543;0.17696;
8.63984;-0.72629;0.22513;7.24673;-0.75751;0.02224;0.18295;
8.64749;-0.71731;0.25507;7.24434;-0.74220;0.01824;0.18655;
8.65513;-0.72449;0.30656;7.20661;-0.75698;0.01025;0.19334;
8.66275;-0.74126;0.32213;7.21679;-0.78188;0.00426;0.19614;
8.67038;-0.72330;0.28620;7.18446;-0.83714;-0.00373;0.19853;
8.67802;-0.74665;0.27603;7.18865;-0.85978;-0.00399;0.19800;
8.68566;-0.78856;0.24369;7.21799;-0.87615;0.00293;0.19161;
8.69328;-0.76701;0.25267;7.21560;-0.86803;0.00346;0.18189;
8.70092;-0.73826;0.23651;7.23176;-0.86830;0.00200;0.18242;
8.70853;-0.72569;0.22513;7.24553;-0.86417;-0.00067;0.18149;
8.71617;-0.74305;0.19639;7.29882;-0.85179;-0.00293;0.17843;
8.72382;-0.75563;0.21795;7.29523;-0.81410;-0.00280;0.17536;
8.73145;-0.79096;0.25866;7.31439;-0.79147;-0.00226;0.17377;
8.73910;-0.78257;0.25267;7.29164;-0.73980;-0.00266;0.17044;
8.74673;-0.78317;0.27543;7.32696;-0.70745;-0.00386;0.16951;
8.75439;-0.76880;0.31854;7.33415;-0.66071;-0.00692;0.16445;
8.76201;-0.76820;0.30477;7.32696;-0.65325;-0.00639;0.16338;
8.76966;-0.76281;0.27124;7.32098;-0.65246;-0.00826;0.16258;
8.77730;-0.70234;0.29339;7.33235;-0.65525;-0.00839;0.16484;
8.78494;-0.70952;0.29459;7.36109;-0.65698;-0.00692;0.17257;
8.79257;-0.71910;0.27603;7.33834;-0.65272;-0.00466;0.17643;
8.80022;-0.71611;0.29159;7.33295;-0.63994;-0.00293;0.18109;
8.80786;-0.70234;0.28381;7.27008;-0.64021;-0.00373;0.18322;
8.81551;-0.69276;0.30297;7.31020;-0.65246;-0.00919;0.18948;
8.82316;-0.75024;0.28680;7.30241;-0.64926;-0.01505;0.19427;
8.83079;-0.76521;0.23471;7.29822;-0.62795;-0.01824;0.19414;
8.83844;-0.78018;0.27124;7.31918;-0.57682;-0.02503;0.19174;
8.84607;-0.78317;0.24968;7.22637;-0.55845;-0.02490;0.18761;
8.85372;-0.76281;0.24489;7.18326;-0.55326;-0.02210;0.17856;
8.86138;-0.74964;0.27004;7.15392;-0.56804;-0.02037;0.17496;
8.86901;-0.72629;0.28201;7.13177;-0.61291;-0.02157;0.16658;
8.87667;-0.72389;0.30836;7.15692;-0.64140;-0.02077;0.16471;
8.88432;-0.71491;0.29698;7.15153;-0.70505;-0.02037;0.16258;
8.89196;-0.72030;0.27183;7.14015;-0.73341;-0.01718;0.16338;
8.89962;-0.71671;0.26764;7.16530;-0.76484;-0.01411;0.16258;
8.90727;-0.73826;0.25327;7.15811;-0.76790;-0.00985;0.16032;
8.91491;-0.74066;0.21795;7.22278;-0.74473;-0.00426;0.16471;
8.92255;-0.73108;0.24968;7.25092;-0.72569;-0.00107;0.16618;
8.93018;-0.72809;0.26345;7.26290;-0.68934;-0.00266;0.17084;
8.93782;-0.71012;0.26884;7.24194;-0.66750;-0.00386;0.17337;
8.94545;-0.71551;0.26645;7.18206;-0.61850;-0.00626;0.17789;
8.95310;-0.73288;0.28201;7.19224;-0.60119;-0.00799;0.18335;
8.96073;-0.70354;0.32932;7.12219;-0.60905;-0.00892;0.18482;
8.96837;-0.74964;0.34728;7.14794;-0.65725;-0.00586;0.18176;
8.97600;-0.76940;0.33051;7.12219;-0.68694;-0.00639;0.17723;
8.98364;-0.75503;0.29998;7.12518;-0.72649;-0.00053;0.16990;
8.99128;-0.74066;0.25986;7.12997;-0.72849;0.00253;0.16658;
8.99891;-0.72270;0.24250;7.12758;-0.71211;0.00706;0.16045;
9.00654;-0.71671;0.22214;7.12997;-0.70905;0.01039;0.15939;
9.01417;-0.69276;0.26525;7.14674;-0.71544;0.01092;0.16378;
9.02180;-0.73886;0.25327;7.17308;-0.72369;0.00905;0.16777;
9.02940;-0.72509;0.31734;7.17907;-0.76071;0.00266;0.17403;
9.03702;-0.75503;0.32153;7.19224;-0.78494;0.00160;0.17643;
9.04462;-0.78676;0.28800;7.14973;-0.83195;0.00240;0.17283;
9.05224;-0.77299;0.28860;7.14614;-0.84779;0.00000;0.17004;
9.05980;-0.75982;0.31974;7.25631;-0.84966;-0.00240;0.17017;
9.06742;-0.77060;0.32333;7.27966;-0.83821;-0.00719;0.17230;
9.07505;-0.73347;0.33949;7.23236;-0.81770;-0.00666;0.17856;
9.08268;-0.74186;0.31674;7.19344;-0.81916;-0.00652;0.17989;
9.09032;-0.69695;0.31794;7.21619;-0.84580;-0.00533;0.18282;
9.09794;-0.71312;0.33650;7.23655;-0.86670;-0.00399;0.18628;
9.10558;-0.72868;0.28501;7.25451;-0.86457;-0.00186;0.19081;
9.11321;-0.75323;0.28561;7.27727;-0.84912;0.00040;0.19574;
9.12085;-0.76641;0.26585;7.27367;-0.84846;0.00080;0.19454;
9.12846;-0.77479;0.27124;7.25990;-0.85658;0.00266;0.18429;
9.13608;-0.78078;0.25866;7.24194;-0.86643;0.00253;0.17976;
9.14371;-0.75982;0.24669;7.24733;-0.88361;0.00666;0.17550;
9.15134;-0.75802;0.29279;7.33116;-0.88721;0.00945;0.17110;
9.15897;-0.82688;0.29938;7.32157;-0.88241;0.01371;0.16458;
9.16660;-0.81311;0.27962;7.33714;-0.87536;0.01478;0.16098;
9.17424;-0.76281;0.27064;7.28266;-0.84619;0.01172;0.15353;
9.18187;-0.76461;0.27842;7.29942;-0.83448;0.01132;0.15246;
9.18952;-0.72449;0.31075;7.28026;-0.83381;0.01012;0.15646;
9.19714;-0.71611;0.29758;7.26409;-0.84580;0.00786;0.16005;
9.20476;-0.70414;0.31195;7.27547;-0.87669;0.00186;0.16658;
9.21238;-0.70713;0.28201;7.27068;-0.88787;-0.00226;0.16751;
9.22001;-0.70354;0.24549;7.34253;-0.89253;-0.00253;0.17110;
9.22765;-0.72270;0.19460;7.36528;-0.88667;-0.00306;0.17230;
9.23526;-0.72988;0.20238;7.44791;-0.86151;-0.00386;0.17723;
9.24291;-0.72090;0.22214;7.53713;-0.84047;-0.00799;0.18295;
9.25055;-0.71491;0.20537;7.48144;-0.84060;-0.00879;0.18562;
9.25818;-0.74305;0.21256;7.49222;-0.85139;-0.01385;0.18642;
9.26584;-0.76521;0.23531;7.56347;-0.84886;-0.01518;0.18495;
9.27349;-0.78377;0.23351;7.55988;-0.82236;-0.01385;0.18322;
9.28113;-0.78676;0.28141;7.59880;-0.80971;-0.01305;0.18255;
9.28879;-0.74964;0.26944;7.59940;-0.79227;-0.00613;0.18415;
9.29643;-0.74305;0.28441;7.54790;-0.78548;-0.00706;0.18295;
9.30407;-0.76102;0.26525;7.54132;-0.77935;-0.00346;0.18069;
9.31169;-0.77958;0.26405;7.51497;-0.78095;-0.00133;0.17936;
9.31932;-0.73527;0.25387;7.46528;-0.77815;0.00320;0.17736;
9.32695;-0.75443;0.25567;7.47785;-0.76510;0.00519;0.17670;
9.33456;-0.77120;0.25088;7.46947;-0.72423;0.00892;0.17283;
9.34219;-0.78976;0.25387;7.47665;-0.70252;0.01065;0.16951;
9.34981;-0.76701;0.27004;7.47366;-0.65259;0.01145;0.16777;
9.35745;-0.75024;0.23890;7.50958;-0.63062;0.01065;0.16511;
9.36506;-0.71910;0.24549;7.45031;-0.61384;0.00346;0.16871;
9.37270;-0.72868;0.24788;7.41917;-0.61144;-0.00013;0.17137;
9.38034;-0.77239;0.21256;7.31978;-0.59653;-0.00826;0.17616;
9.38800;-0.80054;0.22453;7.39163;-0.56191;-0.01225;0.17576;
9.39564;-0.79395;0.25746;7.44552;-0.55059;-0.01212;0.17323;
9.40330;-0.79455;0.26106;7.43893;-0.55445;-0.01158;0.17057;
9.41094;-0.77419;0.29878;7.49461;-0.56311;-0.01278;0.17070;
9.41858;-0.73826;0.29399;7.47426;-0.57669;-0.00905;0.16977;
9.42622;-0.68318;0.18801;7.39043;-0.57789;-0.00306;0.17004;
9.43385;-0.75084;0.21914;7.37307;-0.58282;0.00240;0.17017;
9.44147;-0.76701;0.23232;7.40061;-0.59227;0.00679;0.16857;
9.44910;-0.83107;0.24609;7.36169;-0.60745;0.00759;0.16937;
9.45672;-0.80892;0.23292;7.40181;-0.60851;0.00586;0.16817;
9.46433;-0.82808;0.22693;7.33954;-0.59853;0.00759;0.16631;
9.47196;-0.81610;0.25687;7.34193;-0.60066;0.00972;0.16671;
9.47959;-0.77599;0.28082;7.31140;-0.62103;0.00706;0.16911;
9.48722;-0.76701;0.27243;7.30182;-0.63155;0.00266;0.17070;
9.49484;-0.72809;0.26285;7.27607;-0.66164;-0.00719;0.17377;
9.50247;-0.66701;0.26106;7.23715;-0.68321;-0.00826;0.17776;
9.51012;-0.63887;0.26166;7.24733;-0.72010;-0.00826;0.18189;
9.51776;-0.63528;0.28141;7.26170;-0.73794;-0.00626;0.19201;
9.52540;-0.74066;0.30477;7.27008;-0.73142;-0.00399;0.19148;
9.53303;-0.78736;0.29578;7.30241;-0.69560;0.00027;0.18788;
9.54066;-0.73407;0.28022;7.34253;-0.66963;0.00266;0.18655;
9.54827;-0.73767;0.27363;7.33954;-0.63541;0.00586;0.18682;
9.55590;-0.72988;0.26345;7.35331;-0.63301;0.00519;0.18761;
9.56353;-0.75563;0.26465;7.33295;-0.64287;0.00306;0.19201;
9.57114;-0.80832;0.28441;7.34014;-0.64833;0.00173;0.19241;
9.57878;-0.81071;0.29159;7.33714;-0.65379;0.00732;0.18868;
9.58639;-0.80173;0.27543;7.29583;-0.66404;0.00879;0.18295;
9.59401;-0.80772;0.28321;7.27787;-0.69080;0.01172;0.17776;
9.60162;-0.81251;0.24908;7.23476;-0.70758;0.01052;0.17523;
9.60926;-0.79395;0.22214;7.24972;-0.72596;0.00999;0.16924;
9.61687;-0.77239;0.23591;7.28565;-0.72170;0.01278;0.16618;
9.62450;-0.77958;0.23172;7.24374;-0.70159;0.01558;0.16711;
9.63215;-0.79575;0.23591;7.27846;-0.69120;0.01558;0.16711;
9.63979;-0.79694;0.27243;7.25631;-0.68747;0.01092;0.16498;
9.64742;-0.78018;0.30656;7.24553;-0.69480;0.00905;0.16298;
9.65504;-0.78317;0.30956;7.25272;-0.70811;0.00399;0.15792;
9.66266;-0.76042;0.30177;7.26709;-0.69706;-0.00080;0.15885;
9.67029;-0.72330;0.32572;7.27008;-0.69187;-0.00093;0.15939;
9.67793;-0.70414;0.32273;7.21560;-0.69999;0.00080;0.16165;
9.68553;-0.68378;0.27183;7.19344;-0.70971;0.00146;0.16484;
9.69316;-0.69695;0.27543;7.22278;-0.72636;0.00107;0.17243;
9.70079;-0.71431;0.26106;7.26110;-0.72476;0.00040;0.17616;
9.70840;-0.73707;0.27004;7.27188;-0.70052;-0.00133;0.17829;
9.71602;-0.77958;0.26824;7.27427;-0.68455;-0.00213;0.17909;
9.72366;-0.77359;0.26585;7.29583;-0.65499;-0.00639;0.18002;
9.73130;-0.77120;0.27962;7.28206;-0.65152;-0.01052;0.18096;
9.73893;-0.76820;0.28321;7.24074;-0.67083;-0.01784;0.18628;
9.74658;-0.77599;0.25327;7.23116;-0.68801;-0.02357;0.18695;
9.75422;-0.75683;0.27842;7.22577;-0.71956;-0.03169;0.18721;
9.76189;-0.74365;0.27423;7.17009;-0.72609;-0.03409;0.18735;
9.76953;-0.71851;0.24369;7.11261;-0.71344;-0.02557;0.18455;
9.77719;-0.71671;0.24788;7.14734;-0.69879;-0.01851;0.18362;
9.78485;-0.73108;0.21795;7.14973;-0.68335;-0.01198;0.18269;
9.79250;-0.73467;0.21974;7.10183;-0.69240;-0.01451;0.18508;
9.80014;-0.70114;0.29159;7.17967;-0.69813;-0.01491;0.18695;
9.80779;-0.73108;0.30237;7.28625;-0.71384;-0.01371;0.18628;
9.81544;-0.73946;0.24489;7.24434;-0.72130;-0.01398;0.18908;
9.82308;-0.75623;0.26884;7.27846;-0.74233;-0.01917;0.19054;
9.83072;-0.77000;0.31255;7.25392;-0.75365;-0.02237;0.18961;
9.83834;-0.76281;0.33949;7.30601;-0.76550;-0.02477;0.18988;
9.84600;-0.76880;0.30716;7.20422;-0.75924;-0.02423;0.18801;
9.85362;-0.78676;0.31135;7.22577;-0.73261;-0.02277;0.18269;
9.86128;-0.75922;0.31794;7.22098;-0.72622;-0.01877;0.17829;
9.86892;-0.68977;0.29399;7.19404;-0.73874;-0.01252;0.17550;
9.87658;-0.69815;0.32932;7.25631;-0.74806;-0.00945;0.17536;
9.88422;-0.72210;0.27662;7.27068;-0.75245;-0.00067;0.17816;
9.89187;-0.71671;0.28261;7.24853;-0.74566;-0.00306;0.18109;
9.89950;-0.76222;0.28860;7.26948;-0.73634;-0.00173;0.17989;
9.90714;-0.80413;0.29998;7.25332;-0.73887;-0.00186;0.17749;
9.91480;-0.82149;0.26764;7.24972;-0.72968;-0.00719;0.17204;
9.92243;-0.81012;0.29578;7.23356;-0.70945;-0.01305;0.16897;
9.93009;-0.77120;0.31495;7.25092;-0.70958;-0.01651;0.16698;
9.93774;-0.77718;0.30596;7.23775;-0.73488;-0.02703;0.16937;
9.94538;-0.74006;0.28082;7.17967;-0.74606;-0.03009;0.17084;
9.95300;-0.71611;0.25148;7.17548;-0.73341;-0.02783;0.17457;
9.96065;-0.71372;0.24309;7.18147;-0.71890;-0.02317;0.17430;
9.96829;-0.74725;0.23591;7.17548;-0.70492;-0.01425;0.17070;
9.97595;-0.77000;0.27303;7.19224;-0.71837;-0.01292;0.16990;
9.98358;-0.77898;0.27722;7.18386;-0.77016;-0.01132;0.16884;
9.99126;-0.75383;0.26106;7.18326;-0.79280;-0.01132;0.17017;
9.99892;-0.75862;0.25687;7.23655;-0.79959;-0.01731;0.17563;
10.00658;-0.75383;0.25627;7.30122;-0.78055;-0.01811;0.17949;
10.01430;-0.75982;0.31854;7.33954;-0.74433;-0.02130;0.18815;
10.02202;-0.73647;0.31974;7.36528;-0.74060;-0.02450;0.19134;
10.02972;-0.70833;0.33710;7.35989;-0.76430;-0.02357;0.19494;
10.03744;-0.72330;0.34129;7.34193;-0.80758;-0.01851;0.19281;
10.04514;-0.74126;0.30596;7.26589;-0.82782;-0.01531;0.19161;
10.05286;-0.74784;0.28082;7.21619;-0.83980;-0.01025;0.19068;
10.06057;-0.74305;0.28141;7.24733;-0.82995;-0.00746;0.18748;
10.06828;-0.75862;0.30656;7.25272;-0.83128;-0.00146;0.18109;
10.07597;-0.74545;0.33530;7.29283;-0.85245;0.00000;0.17856;
10.08361;-0.70174;0.23531;7.26529;-0.90358;-0.00067;0.17883;
10.09132;-0.69875;0.22034;7.28146;-0.91730;-0.00053;0.18016;
10.09902;-0.71132;0.25926;7.33774;-0.93128;-0.00107;0.18868;
10.10672;-0.73168;0.30596;7.37726;-0.93767;0.00093;0.19094;
10.11440;-0.77000;0.28201;7.39881;-0.96444;-0.00346;0.19161;
10.12210;-0.81371;0.29339;7.43773;-0.98161;-0.00666;0.18908;
10.12981;-0.81311;0.25327;7.41797;-0.99626;-0.01545;0.18468;
10.13753;-0.79634;0.20657;7.44432;-0.95764;-0.01678;0.18375;
10.14525;-0.78856;0.29040;7.51737;-0.93541;-0.01478;0.18189;
10.15296;-0.77539;0.35446;7.55629;-0.93820;-0.01864;0.17403;
10.16068;-0.80173;0.34369;7.50000;-0.96017;-0.02277;0.17270;
10.16838;-0.81670;0.25926;7.49881;-0.99426;-0.02983;0.17044;
10.17610;-0.74246;0.28141;7.58742;-0.99120;-0.03063;0.16911;
10.18382;-0.80233;0.38141;7.76705;-0.98401;-0.01771;0.16245;
10.19153;-0.80592;0.34848;7.72573;-0.99812;-0.01252;0.15859;
10.19924;-0.75323;0.27962;7.67604;-1.04406;-0.00852;0.15632;
10.20694;-0.75742;0.27004;7.71556;-1.06816;-0.00905;0.15379;
10.21465;-0.71611;0.23052;7.72693;-1.07362;-0.00240;0.15273;
10.22234;-0.69935;0.23771;7.73531;-1.02928;0.00306;0.15739;
10.23004;-0.72749;0.19280;7.65388;-1.01357;0.00360;0.15992;
10.23773;-0.76880;0.16945;7.58203;-0.99107;0.00466;0.15859;
10.24542;-0.82329;0.18202;7.67065;-0.97948;0.00546;0.15632;
10.25310;-0.82987;0.23531;7.68801;-0.96936;0.00293;0.15140;
10.26079;-0.76880;0.29159;7.76525;-0.97775;-0.00146;0.15086;
10.26849;-0.71312;0.21855;7.68801;-1.02502;-0.01904;0.16298;
10.27620;-0.68198;0.15628;7.71436;-1.04433;-0.02969;0.17030;
10.28390;-0.68318;0.16047;7.93350;-1.04366;-0.04128;0.18788;
10.29163;-0.70234;0.21675;7.96404;-1.03740;-0.04487;0.19441;
10.29936;-0.73767;0.17244;7.89279;-1.04140;-0.05619;0.20199;
10.30708;-0.75204;0.13532;7.85566;-1.04566;-0.06085;0.20759;
10.31480;-0.73048;0.18921;8.03529;-1.05045;-0.06977;0.21371;
10.32250;-0.74246;0.18322;8.02092;-1.06164;-0.06538;0.21411;
10.33024;-0.76641;0.20477;8.02092;-1.07695;-0.06285;0.21518;
10.33795;-0.76162;0.20358;7.97781;-1.11996;-0.06431;0.21518;
10.34568;-0.75862;0.17544;8.04786;-1.12901;-0.06471;0.21371;
10.35339;-0.74246;0.13592;8.05804;-1.10025;-0.05353;0.20692;
10.36111;-0.75862;0.08442;8.09397;-1.07309;-0.04487;0.20026;
10.36881;-0.74425;0.11795;8.11193;-1.02409;-0.02770;0.19214;
10.37653;-0.73767;0.20238;8.18378;-1.01770;-0.02051;0.18655;
10.38425;-0.74305;0.16047;8.19755;-1.04300;-0.01092;0.17843;
10.39196;-0.71970;0.18202;8.20773;-1.05937;-0.01225;0.17576;
10.39968;-0.69875;0.24788;8.38796;-1.08960;-0.02969;0.18295;
10.40740;-0.67779;0.25447;8.39454;-1.13008;-0.04154;0.19321;
10.41514;-0.73168;0.20178;8.31431;-1.15791;-0.04501;0.19574;
10.42287;-0.74904;0.17364;8.26042;-1.21210;-0.05473;0.19853;
10.43059;-0.75563;0.13292;8.30713;-1.22302;-0.05912;0.19707;
10.43830;-0.75204;0.06347;8.32209;-1.21490;-0.06272;0.19241;
10.44602;-0.72090;0.05509;8.28138;-1.21157;-0.05819;0.18682;
10.45374;-0.68857;0.03772;8.44843;-1.21809;-0.04887;0.18322;
10.46146;-0.69216;0.01437;8.46759;-1.22595;-0.04221;0.18122;
10.46917;-0.67420;0.04311;8.59273;-1.26270;-0.02197;0.18016;
10.47690;-0.69096;0.06407;8.62447;-1.29865;-0.01438;0.18122;
10.48460;-0.75623;0.09281;8.68015;-1.38294;-0.00826;0.18602;
10.49231;-0.76880;0.08203;8.71727;-1.47375;-0.01118;0.18508;
10.50002;-0.79694;0.04850;8.77954;-1.52262;-0.01025;0.18282;
10.50773;-0.82089;0.05988;8.73763;-1.63100;-0.00493;0.17363;
10.51544;-0.79096;0.07544;8.94420;-1.68254;-0.00067;0.16604;
10.52315;-0.74665;0.36225;8.72386;-1.96695;-0.01864;0.15393;
10.53088;-0.77778;0.06227;8.94181;-2.16455;-0.00706;0.15006;
10.53858;-0.70473;-0.07784;9.13401;-2.29451;-0.02091;0.15020;
10.54632;-0.66462;-0.17903;9.21783;-2.23672;-0.02104;0.15552;
10.55408;-0.69635;-0.17244;9.38069;-2.04724;-0.01145;0.16152;
10.56183;-0.66761;-0.18082;9.44835;-1.96109;-0.00719;0.16391;
10.56958;-0.69096;-0.19699;9.54595;-1.82275;-0.00146;0.16205;
10.57732;-0.72988;-0.22034;9.48009;-1.74552;-0.00160;0.15912;
10.58507;-0.73886;-0.22513;9.53397;-1.72594;-0.00040;0.15366;
10.59281;-0.75683;-0.23950;9.69684;-1.69585;-0.00053;0.14447;
10.60056;-0.81251;-0.35207;9.79802;-1.66989;-0.00120;0.14154;
10.60829;-0.86700;-0.28201;10.00160;-1.59678;-0.00493;0.12889;
10.61608;-0.89634;-0.25866;10.01298;-1.58280;-0.00613;0.12170;
10.62388;-0.77479;-0.36823;10.06267;-1.62168;-0.00799;0.11012;
10.63170;-0.77958;-0.47182;10.01657;-1.63580;-0.00812;0.10759;
10.63950;-0.77659;-0.43350;10.40277;-1.63074;-0.02024;0.12090;
10.64730;-0.75922;-0.40895;10.33271;-1.67947;-0.02450;0.12676;
10.65512;-0.81910;-0.43170;10.40576;-1.73034;-0.02570;0.13116;
10.66295;-0.81670;-0.50116;10.42073;-1.83739;-0.03542;0.13808;
10.67076;-0.87538;-0.51014;10.46683;-1.88067;-0.03835;0.13755;
10.67858;-0.85742;-0.57720;10.48959;-1.94365;-0.04181;0.13395;
10.68639;-0.86340;-0.67300;10.46683;-1.95350;-0.03901;0.12983;
10.69420;-0.83886;-0.70773;10.68239;-1.87960;-0.03116;0.11997;
10.70202;-0.82389;-0.70174;10.89135;-1.76190;-0.01957;0.10999;
10.70982;-0.74665;-0.79455;10.87938;-1.72514;-0.01518;0.10839;
10.71764;-0.69396;-0.83407;10.87339;-1.68480;-0.01092;0.11172;
10.72547;-0.73886;-0.76641;11.17995;-1.69026;-0.01318;0.11758;
10.73329;-0.75683;-0.85981;11.13864;-1.77654;-0.01558;0.12490;
10.74110;-0.77838;-0.90651;11.17097;-1.84751;-0.01638;0.12836;
10.74892;-0.77479;-0.94424;11.19731;-1.97055;-0.02224;0.13688;
10.75674;-0.78736;-1.01130;11.29372;-1.99438;-0.02517;0.13981;
10.76454;-0.80652;-1.06938;11.49969;-1.94512;-0.02144;0.14514;
10.77236;-0.81850;-1.14302;11.51106;-1.87734;-0.01718;0.15206;
10.78018;-0.81610;-1.15859;11.60147;-1.85777;-0.01438;0.15619;
10.78799;-0.82508;-1.16039;11.69069;-1.86536;-0.01025;0.16178;
10.79581;-0.83167;-1.19631;11.70506;-1.88573;-0.00972;0.16271;
10.80363;-0.81371;-1.24242;11.80445;-1.94578;-0.01491;0.16618;
10.81145;-0.80892;-1.29092;11.84158;-1.97880;-0.01744;0.16911;
10.81927;-0.83706;-1.38253;11.90864;-2.01835;-0.03076;0.17270;
10.82709;-0.84544;-1.40947;11.96911;-1.96176;-0.03369;0.17457;
10.83491;-0.88316;-1.51365;12.13317;-1.89825;-0.03129;0.17337;
10.84273;-0.89514;-1.52802;12.13317;-1.76363;-0.02091;0.16644;
10.85054;-0.88256;-1.63221;12.19245;-1.71902;-0.01744;0.16178;
10.85835;-0.85802;-1.67112;12.34513;-1.68134;-0.01664;0.15845;
10.86618;-0.89155;-1.66154;12.47985;-1.68773;-0.01358;0.15632;
10.87400;-0.91789;-1.68609;12.49182;-1.76895;-0.01638;0.15086;
10.88181;-0.85323;-1.70765;12.43794;-1.90757;-0.03409;0.14461;
10.88964;-0.84484;-1.79986;12.65888;-1.96216;-0.03968;0.14514;
10.89746;-0.84065;-1.86273;12.72534;-2.00823;-0.03569;0.14753;
10.90528;-0.87718;-1.99984;12.80737;-2.00637;-0.03276;0.14767;
10.91310;-0.93286;-2.01122;12.95765;-2.00503;-0.03489;0.14394;
10.92091;-0.91071;-2.06331;12.96544;-2.00823;-0.03435;0.14168;
10.92874;-0.89394;-2.21958;12.91155;-1.98586;-0.02583;0.13702;
10.93655;-0.86400;-2.26269;13.03430;-1.95577;-0.02277;0.13502;
10.94437;-0.81910;-2.31179;13.14267;-1.90623;-0.02130;0.13608;
10.95219;-0.81191;-2.36089;13.07561;-1.88014;-0.01997;0.13955;
10.96001;-0.89394;-2.43035;13.25045;-1.86722;-0.01784;0.14021;
10.96782;-0.93585;-2.45849;13.41870;-1.85697;-0.01811;0.13728;
10.97566;-0.93885;-2.45789;13.38816;-1.86376;-0.01638;0.13462;
10.98348;-0.89334;-2.55549;13.53126;-1.88067;-0.02130;0.12996;
10.99129;-0.88616;-2.58063;13.57258;-1.88746;-0.02357;0.12929;
10.99911;-0.88316;-2.67045;13.52887;-1.90224;-0.03089;0.12809;
11.00692;-0.83227;-2.73212;13.57677;-1.90597;-0.03648;0.13116;
11.01474;-0.85981;-2.82852;13.81567;-1.90677;-0.03768;0.13169;
11.02256;-0.88855;-2.87103;13.87794;-1.94791;-0.04208;0.13209;
11.03038;-0.80353;-2.96863;13.84740;-1.99412;-0.04660;0.13395;
11.03820;-0.86281;-3.09856;13.92644;-2.10064;-0.05513;0.14101;
11.04602;-0.86281;-3.17819;13.95458;-2.15204;-0.05672;0.14540;
11.05383;-0.90651;-3.28956;13.99889;-2.22248;-0.06564;0.14714;
11.06167;-0.87059;-3.34285;14.06894;-2.26895;-0.06724;0.14807;
11.06950;-0.88975;-3.49373;14.28090;-2.28785;-0.06698;0.14753;
11.07731;-0.87179;-3.52846;14.26593;-2.33153;-0.07017;0.14607;
11.08513;-0.89214;-3.59373;14.39646;-2.36362;-0.06977;0.14301;
11.09296;-0.87658;-3.72485;14.50005;-2.43552;-0.06205;0.14061;
11.10078;-0.85742;-3.81167;14.46113;-2.47494;-0.05792;0.13928;
11.10860;-0.87718;-3.91286;14.61980;-2.59411;-0.05513;0.14021;
11.11642;-0.88017;-4.00806;14.64974;-2.68252;-0.05539;0.14114;
11.12425;-0.89035;-4.13201;14.64315;-2.90569;-0.05419;0.14500;
11.13205;-0.88855;-4.26912;14.72997;-3.11780;-0.05513;0.15140;
11.13986;-0.86580;-4.48108;14.87786;-3.20635;-0.06125;0.15220;
11.14769;-0.87897;-4.77926;15.08443;-3.27399;-0.07204;0.15353;
11.15552;-0.87478;-4.91099;15.14131;-3.25136;-0.07244;0.15526;
11.16334;-0.86221;-5.16127;15.29879;-3.13804;-0.06738;0.15912;
11.17117;-0.86640;-5.20857;15.38141;-3.06894;-0.06138;0.16112;
11.17899;-0.88496;-5.39299;15.41315;-2.93805;-0.05300;0.16072;
11.18680;-0.91250;-5.57501;15.45806;-2.81448;-0.04873;0.15419;
11.19462;-0.85981;-5.67200;15.64367;-2.77267;-0.04660;0.15020;
11.20242;-0.87298;-5.76900;15.67900;-2.74351;-0.04434;0.14234;
11.21025;-0.84065;-5.90612;15.65026;-2.74138;-0.04274;0.14394;
11.21807;-0.86819;-6.06359;15.71911;-2.74417;-0.04381;0.14820;
11.22589;-0.84424;-6.18454;15.73588;-2.73618;-0.04194;0.14714;
11.23372;-0.86640;-6.44380;15.79695;-2.66148;-0.03489;0.14567;
11.24154;-0.87897;-6.57074;15.85563;-2.52913;-0.02903;0.14487;
11.24936;-0.85682;-6.82341;16.03885;-2.45230;-0.02570;0.14540;
11.25718;-0.84305;-6.92520;16.05921;-2.29198;-0.02157;0.14793;
11.26500;-0.84544;-6.92221;15.93526;-2.24951;-0.01838;0.15046;
11.27282;-0.84424;-7.01322;15.94724;-2.24831;-0.01984;0.15180;
11.28064;-0.84963;-7.10483;16.05801;-2.25776;-0.01838;0.15712;
11.28845;-0.84903;-7.22757;16.09333;-2.25110;-0.01758;0.16365;
11.29627;-0.84365;-7.25511;16.04184;-2.24751;-0.01984;0.16671;
11.30409;-0.81970;-7.40241;16.10531;-2.25443;-0.03169;0.16178;
11.31191;-0.85921;-7.50779;16.14543;-2.23819;-0.03728;0.15752;
11.31974;-0.89514;-7.64011;16.20470;-2.22367;-0.03888;0.15566;
11.32756;-0.88436;-7.79100;16.22746;-2.21036;-0.03848;0.15113;
11.33538;-0.88077;-7.86944;16.23883;-2.21276;-0.03955;0.15060;
11.34320;-0.81311;-8.06044;16.30350;-2.21249;-0.03928;0.15166;
11.35103;-0.80772;-8.15983;16.29392;-2.19691;-0.03582;0.15140;
11.35884;-0.79036;-8.33527;16.31428;-2.16469;-0.04714;0.14341;
11.36666;-0.80353;-8.45442;16.32266;-2.16122;-0.05060;0.14194;
11.37448;-0.83407;-8.58495;16.38972;-2.17427;-0.04953;0.14301;
11.38231;-0.81491;-8.63644;16.41906;-2.25177;-0.04660;0.14860;
11.39013;-0.84844;-8.73464;16.33643;-2.31409;-0.04447;0.15180;
11.39794;-0.86101;-8.89810;16.36876;-2.45190;-0.04154;0.15739;
11.40577;-0.88017;-9.01426;16.38433;-2.50649;-0.03861;0.16018;
11.41359;-0.90771;-9.17891;16.42804;-2.54497;-0.02796;0.16231;
11.42141;-0.89574;-9.26693;16.40409;-2.53818;-0.01691;0.16138;
11.42923;-0.86161;-9.39087;16.39631;-2.52900;-0.00972;0.16405;
11.43704;-0.86340;-9.46152;16.34481;-2.48266;0.00346;0.17110;
11.44483;-0.85023;-9.64953;16.35739;-2.46402;0.00719;0.17430;
11.45262;-0.80832;-9.76988;16.37774;-2.47374;0.01358;0.18029;
11.46040;-0.79994;-9.88245;16.27775;-2.48972;0.01398;0.17923;
11.46820;-0.80353;-10.04950;16.31547;-2.49451;0.01025;0.18042;
11.47604;-0.83646;-10.13991;16.31308;-2.48506;0.01012;0.17763;
11.48388;-0.83227;-10.33451;16.34840;-2.44245;0.00786;0.17150;
11.49172;-0.81850;-10.44169;16.35978;-2.36934;0.00346;0.16165;
11.49958;-0.83466;-10.60575;16.25919;-2.34165;-0.00306;0.15512;
11.50745;-0.79096;-10.76681;16.27116;-2.32953;-0.01411;0.14407;
11.51532;-0.80772;-10.85303;16.27356;-2.33379;-0.01971;0.14314;
11.52320;-0.78676;-10.99973;16.21129;-2.35643;-0.02876;0.13915;
11.53109;-0.74844;-11.06200;16.17536;-2.37494;-0.03395;0.13768;
11.53896;-0.75742;-11.21887;16.20231;-2.40570;-0.04660;0.13848;
11.54682;-0.75084;-11.26857;16.18315;-2.38506;-0.05792;0.13542;
11.55470;-0.74365;-11.42544;16.14004;-2.35550;-0.06218;0.13262;
11.56258;-0.81850;-11.74697;16.11908;-2.27068;-0.06711;0.13542;
11.57044;-0.84963;-11.83858;16.15321;-2.22754;-0.06258;0.14301;
11.57833;-0.86700;-11.96252;16.08555;-2.16588;-0.05459;0.15473;
11.58620;-0.85921;-12.01402;16.09274;-2.15803;-0.04860;0.15832;
11.59404;-0.88616;-12.12838;16.04603;-2.19957;-0.04061;0.16231;
11.60190;-0.84903;-12.16191;16.02927;-2.26868;-0.03182;0.16698;
11.60977;-0.80712;-12.26190;16.02149;-2.29398;-0.02903;0.16844;
11.61763;-0.75862;-12.41518;15.99634;-2.33646;-0.02716;0.18016;
11.62552;-0.75084;-12.44572;15.94065;-2.34671;-0.02344;0.18389;
11.63340;-0.79335;-12.65169;15.87778;-2.33246;-0.01851;0.18748;
11.64128;-0.74485;-12.77384;15.83707;-2.29438;-0.01758;0.19041;
11.64916;-0.74485;-12.79599;15.82749;-2.28000;-0.01731;0.19188;
11.65701;-0.70294;-12.87143;15.75803;-2.28306;-0.02690;0.18908;
11.66486;-0.75802;-13.06363;15.72390;-2.28266;-0.03076;0.18255;
11.67272;-0.76162;-13.27619;15.65684;-2.21542;-0.04114;0.18042;
11.68060;-0.77599;-13.33068;15.60295;-2.15763;-0.04461;0.17883;
11.68847;-0.81491;-13.44145;15.54128;-2.09158;-0.04141;0.17323;
11.69635;-0.78976;-13.51989;15.47243;-2.09997;-0.03941;0.16671;
11.70422;-0.75862;-13.66299;15.38141;-2.11262;-0.04114;0.16298;
11.71211;-0.74665;-13.73783;15.42453;-2.13313;-0.04527;0.16498;
11.72001;-0.75922;-13.77376;15.33172;-2.15164;-0.04714;0.16511;
11.72791;-0.77898;-13.90728;15.27783;-2.22341;-0.04607;0.16285;
11.73579;-0.73527;-14.00607;15.29579;-2.25616;-0.04714;0.16178;
11.74366;-0.73347;-14.16235;15.19760;-2.26895;-0.04514;0.16125;
11.75155;-0.71970;-14.22642;15.15209;-2.21422;-0.04501;0.16085;
11.75943;-0.70952;-14.41802;15.10659;-2.17920;-0.04474;0.16152;
11.76730;-0.72928;-14.57130;15.08922;-2.12368;-0.04154;0.16524;
11.77517;-0.77778;-14.62878;14.99701;-2.10264;-0.03755;0.16911;
11.78304;-0.72749;-14.71560;14.96169;-2.08107;-0.03262;0.17097;
11.79091;-0.70473;-14.77907;14.92277;-2.08107;-0.03076;0.17084;
11.79876;-0.70054;-14.85391;14.83056;-2.11329;-0.03515;0.17283;
11.80664;-0.70234;-14.89582;14.79763;-2.18692;-0.03542;0.17470;
11.81452;-0.71252;-14.98684;14.70183;-2.21395;-0.03569;0.17603;
11.82239;-0.72090;-15.10838;14.65752;-2.24019;-0.03462;0.18255;
11.83027;-0.71012;-15.13233;14.56052;-2.24684;-0.03529;0.18389;
11.83816;-0.70952;-15.27244;14.50963;-2.25017;-0.03462;0.18628;
11.84603;-0.70174;-15.36884;14.48807;-2.23073;-0.03489;0.18801;
11.85390;-0.70294;-15.45087;14.39107;-2.15763;-0.03142;0.18855;
11.86176;-0.67180;-15.55146;14.34617;-2.04645;-0.02836;0.18322;
11.86964;-0.65983;-15.64068;14.24318;-1.98080;-0.02810;0.18069;
11.87749;-0.65564;-15.69756;14.18570;-1.88080;-0.02463;0.17430;
11.88535;-0.65743;-15.74007;14.11265;-1.85164;-0.02450;0.17190;
11.89322;-0.69396;-15.84605;14.01805;-1.83846;-0.02557;0.16631;
11.90108;-0.72449;-15.83407;13.98691;-1.88746;-0.02463;0.16391;
11.90894;-0.71072;-15.95622;13.95039;-1.90836;-0.02317;0.16005;
11.91680;-0.67899;-16.03705;13.89111;-1.89425;-0.02024;0.15592;
11.92465;-0.71551;-16.13285;13.86836;-1.85990;-0.02011;0.15592;
11.93252;-0.68258;-16.25320;13.76178;-1.75471;-0.01984;0.15952;
11.94040;-0.67839;-16.29332;13.75160;-1.69612;-0.01678;0.16072;
11.94826;-0.69935;-16.36038;13.59233;-1.61982;-0.01225;0.16205;
11.95613;-0.68917;-16.36517;13.51809;-1.62195;-0.00826;0.16551;
11.96401;-0.66701;-16.37954;13.47318;-1.64978;-0.00613;0.16578;
11.97187;-0.62211;-16.36158;13.50073;-1.71263;-0.00373;0.15752;
11.97974;-0.61672;-16.47055;13.38397;-1.73566;-0.00453;0.15446;
11.98761;-0.62690;-16.45498;13.33786;-1.75657;-0.00573;0.14487;
11.99547;-0.66462;-16.54060;13.29356;-1.75883;-0.00573;0.14141;
12.00334;-0.71252;-16.63521;13.31272;-1.73700;-0.00320;0.13981;
12.01121;-0.68258;-16.68311;13.22590;-1.70304;-0.00067;0.14341;
12.01908;-0.66941;-16.78909;13.17021;-1.68453;-0.00093;0.14780;
12.02692;-0.64725;-16.83639;13.18817;-1.65045;-0.00533;0.15366;
12.03480;-0.62450;-16.88908;13.03609;-1.63460;-0.00732;0.15592;
12.04263;-0.59696;-16.88429;12.99777;-1.62568;-0.00812;0.15353;
12.05052;-0.63827;-16.92980;12.96484;-1.62568;-0.00905;0.15259;
12.05837;-0.65803;-16.96452;12.89479;-1.61010;-0.00905;0.15326;
12.06622;-0.63109;-17.01362;12.86964;-1.58480;-0.00799;0.14913;
12.07408;-0.63229;-17.07469;12.82353;-1.57894;-0.00772;0.14807;
12.08193;-0.62031;-17.09625;12.78162;-1.56323;-0.00985;0.15033;
12.08980;-0.67001;-17.11661;12.63073;-1.55990;-0.00573;0.14953;
12.09764;-0.64486;-17.20343;12.54930;-1.60171;0.00146;0.14820;
12.10546;-0.66282;-17.21780;12.50619;-1.64392;0.00306;0.14833;
12.11330;-0.64606;-17.25492;12.49901;-1.71636;0.00226;0.15100;
12.12115;-0.63408;-17.32078;12.41039;-1.73992;-0.00200;0.15126;
12.12901;-0.59277;-17.39682;12.37088;-1.74672;-0.00493;0.15446;
12.13689;-0.57241;-17.41778;12.33615;-1.75830;-0.01518;0.15925;
12.14477;-0.59816;-17.42616;12.27448;-1.76070;-0.02037;0.15939;
12.15264;-0.61013;-17.47047;12.22119;-1.77122;-0.02410;0.15859;
12.16053;-0.60534;-17.50041;12.12000;-1.77628;-0.02410;0.15845;
12.16838;-0.57480;-17.54172;12.19783;-1.77854;-0.02690;0.15686;
12.17626;-0.55804;-17.58364;12.07449;-1.72488;-0.03382;0.15832;
12.18414;-0.56343;-17.63094;11.91283;-1.69092;-0.03529;0.15885;
12.19201;-0.61792;-17.73572;11.83379;-1.67508;-0.03395;0.15686;
12.19988;-0.63288;-17.76626;11.80385;-1.69279;-0.03156;0.15433;
12.20776;-0.64306;-17.86745;11.68829;-1.74192;-0.03036;0.15020;
12.21562;-0.65923;-17.92433;11.58351;-1.75630;-0.02743;0.14780;
12.22351;-0.60833;-17.96564;11.51406;-1.76269;-0.02277;0.14367;
12.23138;-0.62330;-17.99079;11.49130;-1.74831;-0.01651;0.13795;
12.23927;-0.55445;-18.03630;11.33982;-1.72568;-0.01531;0.13395;
12.24715;-0.51613;-18.06084;11.36736;-1.68174;-0.01838;0.13156;
12.25503;-0.52391;-18.08659;11.36557;-1.66736;-0.02450;0.13475;
12.26291;-0.53589;-18.08719;11.23264;-1.62515;-0.03329;0.14381;
12.27080;-0.54726;-18.12431;11.19851;-1.59705;-0.03768;0.14740;
12.27868;-0.56762;-18.19676;11.03745;-1.53407;-0.04168;0.15939;
12.28656;-0.57720;-18.21233;10.97518;-1.51942;-0.04114;0.16817;
12.29444;-0.60115;-18.26741;10.94584;-1.54326;-0.04168;0.17190;
12.30232;-0.63468;-18.32130;10.85543;-1.61942;-0.04128;0.17563;
12.31021;-0.61552;-18.31951;10.80812;-1.65151;-0.03941;0.17683;
12.31810;-0.52511;-18.31951;10.81291;-1.69172;-0.03049;0.16911;
12.32599;-0.51134;-18.32909;10.79914;-1.69998;-0.02796;0.14980;
12.33386;-0.48799;-18.37699;10.70215;-1.69598;-0.02796;0.14181;
12.34174;-0.46823;-18.40932;10.63628;-1.69905;-0.03023;0.12956;
12.34961;-0.50355;-18.43626;10.65065;-1.70837;-0.03036;0.12983;
12.35748;-0.52631;-18.41650;10.62491;-1.71143;-0.02503;0.13635;
12.36537;-0.49697;-18.46680;10.55725;-1.69172;-0.02290;0.13875;
12.37324;-0.51972;-18.52548;10.36804;-1.62075;-0.01771;0.14381;
12.38111;-0.54307;-18.56978;10.21177;-1.61796;-0.00879;0.14967;
12.38900;-0.55325;-18.59374;10.03573;-1.65231;-0.00493;0.15206;
12.39686;-0.62031;-18.70989;9.83395;-1.74112;-0.00892;0.16591;
12.40468;-0.59696;-18.69552;9.79862;-1.78600;-0.00959;0.16951;
12.41250;-0.58917;-18.63026;9.89023;-1.85630;-0.01198;0.17643;
12.42033;-0.56103;-18.65421;9.89562;-1.86855;-0.01185;0.17723;
12.42814;-0.50774;-18.66379;9.82317;-1.83926;-0.00786;0.17297;
12.43596;-0.51433;-18.71169;9.77827;-1.77987;-0.00719;0.16964;
12.44378;-0.50715;-18.73145;9.76150;-1.74738;-0.01065;0.17457;
12.45160;-0.45925;-18.76857;9.74354;-1.70291;0.00253;0.18255;
12.45940;-0.42751;-18.70690;9.37231;-1.70091;-0.02144;0.18362;
12.46723;-0.39997;-18.78414;9.64414;-1.65577;-0.02929;0.18082;
12.47505;-0.42452;-18.82665;9.35734;-1.66602;-0.03289;0.18029;
12.48286;-0.46523;-18.90449;9.15137;-1.70850;-0.03582;0.17776;
12.49067;-0.51373;-19.02723;9.35315;-1.70091;-0.03209;0.17843;
12.49849;-0.51493;-19.01765;9.15317;-1.63899;-0.03089;0.18176;
12.50631;-0.49757;-19.00748;9.08910;-1.60051;-0.02863;0.18362;
12.51411;-0.47721;-18.95419;8.99090;-1.59838;-0.02503;0.18096;
12.52193;-0.48559;-18.96496;8.85139;-1.64485;-0.02770;0.17962;
12.52975;-0.48080;-18.96197;8.77655;-1.68533;-0.02876;0.17550;
12.53757;-0.52391;-19.03861;8.69931;-1.77628;-0.03409;0.17630;
12.54540;-0.51373;-19.05537;8.74541;-1.81755;-0.04208;0.17803;
12.55323;-0.51433;-19.05957;8.70290;-1.84805;-0.04740;0.17829;
12.56104;-0.49397;-19.07274;8.60590;-1.80624;-0.04833;0.17869;
12.56885;-0.52391;-19.13321;8.50771;-1.77361;-0.04780;0.18082;
12.57666;-0.50415;-19.17094;8.39574;-1.71782;-0.05113;0.18309;
12.58448;-0.51194;-19.11286;8.36401;-1.69066;-0.04887;0.18389;
12.59230;-0.48320;-19.16435;8.06283;-1.66669;-0.04647;0.18282;
12.60012;-0.51074;-19.12543;8.10115;-1.67814;-0.04141;0.18176;
12.60794;-0.53888;-19.19908;8.08379;-1.71236;-0.03435;0.18242;
12.61576;-0.52032;-19.18471;8.05625;-1.69119;-0.02557;0.18349;
12.62359;-0.51493;-19.32541;7.98021;-1.66150;-0.01877;0.18229;
12.63141;-0.47781;-19.37691;7.96224;-1.56896;-0.01678;0.17976;
12.63924;-0.43649;-19.27811;7.82273;-1.52475;-0.01824;0.17789;
12.64706;-0.43170;-19.28051;7.79459;-1.47375;-0.01704;0.17563;
12.65488;-0.44966;-19.30985;7.75687;-1.45977;-0.01824;0.17630;
12.66270;-0.48200;-19.27572;7.61916;-1.42142;-0.01904;0.18002;
12.67051;-0.46523;-19.27991;7.67544;-1.38360;-0.01638;0.18322;
12.67832;-0.38859;-19.30925;7.57904;-1.29412;-0.01411;0.18655;
12.68615;-0.40775;-19.27332;7.46887;-1.22781;-0.01039;0.18162;
12.69397;-0.54247;-19.22782;7.29104;-1.23301;-0.00852;0.18349;
12.70179;-0.50655;-19.27512;7.39223;-1.29146;-0.00812;0.19028;
12.70960;-0.49278;-19.27153;7.35211;-1.30238;-0.00559;0.18974;
12.71742;-0.44308;-19.31104;7.26829;-1.23953;-0.00306;0.18562;
12.72524;-0.49218;-19.30925;7.18206;-1.19439;-0.00306;0.18215;
12.73305;-0.47960;-19.23859;7.18865;-1.16177;-0.00626;0.17923;
12.74086;-0.48499;-19.23261;7.16171;-1.18294;-0.00812;0.18002;
12.74866;-0.56223;-19.30087;7.21799;-1.18068;-0.00932;0.18096;
12.75648;-0.54786;-19.34996;7.20781;-1.13794;-0.01278;0.18562;
12.76430;-0.54906;-19.31883;7.22338;-1.11796;-0.01385;0.18801;
12.77212;-0.47841;-19.22063;7.16710;-1.12568;-0.02037;0.18455;
12.77994;-0.40476;-19.22662;7.02459;-1.14992;-0.02543;0.18322;
12.78776;-0.45865;-19.31284;6.76413;-1.21450;-0.03009;0.17856;
12.79557;-0.47421;-19.28290;6.80784;-1.35404;-0.03076;0.17217;
12.80338;-0.46883;-19.22422;6.87909;-1.41996;-0.03262;0.17137;
12.81120;-0.48260;-19.20327;6.88688;-1.47162;-0.03928;0.17124;
12.81902;-0.45146;-19.26793;6.82042;-1.46416;-0.04367;0.17736;
12.82684;-0.41015;-19.27212;6.78329;-1.44006;-0.05353;0.18255;
12.83465;-0.43290;-19.27811;6.69707;-1.41942;-0.05366;0.18149;
12.84248;-0.48439;-19.29727;6.64498;-1.38201;-0.04567;0.17763;
12.85030;-0.49517;-19.30925;6.65037;-1.37322;-0.04274;0.17643;
12.85812;-0.50355;-19.37391;6.56175;-1.33900;-0.03955;0.18056;
12.86594;-0.49996;-19.35835;6.57433;-1.28547;-0.03955;0.18535;
12.87378;-0.48020;-19.32901;6.51086;-1.25764;-0.03955;0.18548;
12.88159;-0.48379;-19.31224;6.51745;-1.20784;-0.04461;0.18815;
12.88941;-0.48020;-19.32601;6.49230;-1.17362;-0.04394;0.18801;
12.89722;-0.52092;-19.30506;6.43662;-1.07602;-0.03808;0.18908;
12.90504;-0.51912;-19.24518;6.40907;-1.03634;-0.03542;0.18855;
12.91285;-0.51074;-19.20566;6.35818;-1.02968;-0.03276;0.18775;
12.92067;-0.51134;-19.24578;6.32824;-1.07096;-0.03156;0.18828;
12.92849;-0.55085;-19.28170;6.17256;-1.07549;-0.02823;0.18801;
12.93630;-0.56043;-19.29847;6.08874;-1.08467;-0.00866;0.18895;
12.94412;-0.49218;-19.27991;6.12945;-1.10398;0.00013;0.19161;
12.95191;-0.44188;-19.31883;6.15760;-1.13314;0.00932;0.18748;
12.95970;-0.43470;-19.34936;6.15460;-1.11743;0.01132;0.18402;
12.96750;-0.39578;-19.35835;6.13963;-1.03301;0.00959;0.18109;
12.97528;-0.42272;-19.39487;6.13784;-0.97948;0.00559;0.17976;
12.98307;-0.46044;-19.41343;5.99234;-0.89693;-0.00453;0.17350;
12.99089;-0.47122;-19.38349;5.93306;-0.86364;-0.01505;0.16977;
12.99872;-0.45865;-19.32901;5.95761;-0.86324;-0.01585;0.16538;
13.00653;-0.46224;-19.32901;5.95462;-0.87016;-0.01971;0.16192;
13.01436;-0.44727;-19.34517;5.88037;-0.87283;-0.02423;0.16085;
13.02217;-0.50295;-19.28470;5.86540;-0.88934;-0.02623;0.16431;
13.02999;-0.45925;-19.31104;5.86361;-0.91197;-0.02250;0.16658;
13.03781;-0.44188;-19.30506;5.93007;-0.97455;-0.02091;0.16724;
13.04561;-0.43949;-19.30985;5.95043;-0.96856;-0.02024;0.16538;
13.05344;-0.45326;-19.29488;5.94204;-0.94087;-0.02077;0.16351;
13.06125;-0.43709;-19.26913;5.89474;-0.89879;-0.02397;0.16338;
13.06907;-0.53469;-19.25656;5.94264;-0.90332;-0.02716;0.16591;
13.07690;-0.49697;-19.25057;5.93366;-0.93874;-0.03049;0.17283;
13.08473;-0.48260;-19.23500;5.93606;-0.95045;-0.02943;0.17656;
13.09253;-0.45565;-19.30206;5.94025;-0.95085;-0.03169;0.17550;
13.10034;-0.42212;-19.32721;5.94863;-0.94167;-0.03182;0.16804;
13.10815;-0.45266;-19.30027;5.85762;-0.94073;-0.02876;0.16618;
13.11598;-0.45146;-19.33380;5.82828;-0.93368;-0.02290;0.16538;
13.12380;-0.48978;-19.31643;5.77140;-0.92249;-0.02264;0.16591;
13.13162;-0.45685;-19.35296;5.77918;-0.88761;-0.02929;0.16724;
13.13945;-0.46823;-19.35116;5.72170;-0.87256;-0.03502;0.17044;
13.14727;-0.45625;-19.31284;5.63368;-0.87349;-0.04394;0.17390;
13.15509;-0.47421;-19.31643;5.69117;-0.88707;-0.04860;0.17710;
13.16292;-0.46164;-19.29428;5.65584;-0.91650;-0.05566;0.17949;
13.17075;-0.45446;-19.26255;5.63189;-0.94193;-0.05486;0.18335;
13.17857;-0.45685;-19.24518;5.57980;-0.95245;-0.05712;0.18535;
13.18639;-0.48439;-19.22842;5.65105;-0.96643;-0.06125;0.18349;
13.19421;-0.51313;-19.17453;5.63428;-0.95418;-0.06325;0.18176;
13.20204;-0.45146;-19.27033;5.69296;-0.89480;-0.06591;0.17350;
13.20986;-0.45086;-19.30625;5.54447;-0.85978;-0.06951;0.16604;
13.21766;-0.51972;-19.31164;5.55645;-0.80345;-0.06578;0.15712;
13.22548;-0.49337;-19.31164;5.65763;-0.75805;-0.06618;0.15473;
13.23330;-0.48739;-19.30925;5.72529;-0.73275;-0.07057;0.15646;
13.24113;-0.50655;-19.25356;5.80193;-0.69120;-0.07710;0.16365;
13.24896;-0.51074;-19.28230;5.59177;-0.67749;-0.08069;0.16764;
13.25678;-0.52750;-19.26015;5.59057;-0.67269;-0.08162;0.17443;
13.26460;-0.49218;-19.26614;5.59357;-0.67269;-0.07909;0.17829;
13.27242;-0.50535;-19.25656;5.63069;-0.67110;-0.07230;0.18176;
13.28024;-0.49816;-19.23141;5.53369;-0.69000;-0.05992;0.18682;
13.28807;-0.51852;-19.25177;5.54028;-0.72449;-0.05446;0.18895;
13.29588;-0.50834;-19.26374;5.55645;-0.81797;-0.04980;0.19014;
13.30370;-0.46523;-19.27212;5.66063;-0.84100;-0.04754;0.18748;
13.31152;-0.47421;-19.23381;5.60255;-0.83701;-0.04794;0.18522;
13.31934;-0.47541;-19.29248;5.59536;-0.84420;-0.04700;0.18176;
13.32716;-0.47541;-19.27811;5.63728;-0.91024;-0.04714;0.17523;
13.33498;-0.48439;-19.24997;5.61213;-0.94380;-0.04407;0.17350;
13.34280;-0.45446;-19.30745;5.61393;-0.95671;-0.03569;0.17017;
13.35062;-0.51553;-19.27153;5.61752;-0.92595;-0.02636;0.17137;
13.35844;-0.48140;-19.30745;5.56962;-0.91504;-0.02170;0.17470;
13.36626;-0.42571;-19.23919;5.56483;-0.90425;-0.01824;0.18202;
13.37408;-0.39578;-19.23800;5.60494;-0.90012;-0.01611;0.18389;
13.38188;-0.40236;-19.21405;5.56902;-0.87695;-0.01371;0.18668;
13.38969;-0.41973;-19.20147;5.51154;-0.85778;-0.01505;0.18748;
13.39752;-0.41613;-19.22961;5.51513;-0.82502;-0.01411;0.18562;
13.40533;-0.40955;-19.24159;5.47202;-0.78734;-0.01371;0.17683;
13.41315;-0.42512;-19.24698;5.49956;-0.75898;-0.01518;0.17243;
13.42098;-0.44787;-19.27931;5.39119;-0.71171;-0.01398;0.16258;
13.42882;-0.49457;-19.32721;5.25527;-0.69187;-0.00599;0.15779;
13.43663;-0.52631;-19.29368;5.29060;-0.67336;0.00160;0.15153;
13.44442;-0.52092;-19.26494;5.28641;-0.67895;0.00652;0.15206;
13.45220;-0.47601;-19.29727;5.29299;-0.74233;0.00732;0.15326;
13.46000;-0.42212;-19.28290;5.38760;-0.77948;0.00266;0.15379;
13.46778;-0.42392;-19.23800;5.40017;-0.81517;-0.00839;0.15632;
13.47560;-0.44368;-19.23021;5.41035;-0.82369;-0.01877;0.16271;
13.48342;-0.41853;-19.22123;5.48998;-0.82396;-0.02250;0.16578;
13.49125;-0.38560;-19.22422;5.54507;-0.80066;-0.02783;0.17044;
13.49906;-0.40296;-19.22961;5.52232;-0.77655;-0.02903;0.17137;
13.50689;-0.43410;-19.25476;5.48340;-0.72116;-0.02730;0.17403;
13.51470;-0.43410;-19.24458;5.44687;-0.70212;-0.02104;0.17523;
13.52252;-0.48858;-19.28230;5.42771;-0.68375;-0.01292;0.17962;
13.53033;-0.46703;-19.28470;5.39598;-0.67576;-0.00586;0.18082;
13.53813;-0.43529;-19.22722;5.44208;-0.67323;-0.00333;0.17909;
13.54594;-0.45206;-19.21824;5.40376;-0.68268;-0.00360;0.17430;
13.55376;-0.48020;-19.22842;5.41334;-0.69413;-0.00439;0.17044;
13.56158;-0.47841;-19.23740;5.45166;-0.71011;-0.00200;0.16258;
13.56938;-0.46703;-19.22842;5.45765;-0.71264;-0.00346;0.16231;
13.57720;-0.41973;-19.21704;5.40616;-0.70505;-0.00759;0.15765;
13.58502;-0.44008;-19.21704;5.38999;-0.68202;-0.00706;0.14594;
13.59282;-0.41194;-19.24039;5.38939;-0.67150;-0.00759;0.13928;
13.60063;-0.42332;-19.21764;5.41454;-0.65379;-0.01118;0.13489;
13.60846;-0.49337;-19.27033;5.42652;-0.65285;-0.01012;0.13635;
13.61627;-0.48080;-19.29847;5.45885;-0.65991;-0.00945;0.14540;
13.62408;-0.45026;-19.31164;5.47621;-0.67083;-0.00839;0.14940;
13.63190;-0.40236;-19.26015;5.45645;-0.69839;-0.00919;0.15126;
13.63972;-0.40117;-19.27452;5.46484;-0.71823;-0.00839;0.15246;
13.64754;-0.42991;-19.28650;5.47861;-0.75472;-0.00719;0.15779;
13.65534;-0.44727;-19.25835;5.46723;-0.77842;-0.00892;0.17017;
13.66315;-0.37961;-19.26434;5.48459;-0.78481;-0.00652;0.17337;
13.67098;-0.39039;-19.27452;5.46783;-0.77283;-0.00360;0.17710;
13.67879;-0.39697;-19.26793;5.45047;-0.75432;-0.00280;0.17417;
13.68660;-0.38320;-19.26614;5.39778;-0.71717;0.00013;0.16564;
13.69440;-0.43290;-19.26554;5.45047;-0.70758;0.00133;0.16351;
13.70220;-0.48978;-19.28051;5.46424;-0.71357;-0.00386;0.16418;
13.71001;-0.49637;-19.30266;5.47801;-0.72809;-0.00812;0.17097;
13.71781;-0.48918;-19.23859;5.47980;-0.72955;-0.00879;0.17337;
13.72562;-0.46344;-19.22243;5.41753;-0.73754;-0.01198;0.17496;
13.73344;-0.46104;-19.21944;5.51812;-0.74873;-0.01318;0.17403;
13.74125;-0.44667;-19.21345;5.52112;-0.74873;-0.01691;0.17443;
13.74906;-0.44727;-19.22542;5.47082;-0.73062;-0.01971;0.17403;
13.75688;-0.40835;-19.22901;5.37921;-0.69293;-0.01158;0.17310;
13.76470;-0.39697;-19.22003;5.45406;-0.68654;-0.00812;0.16711;
13.77252;-0.43829;-19.25117;5.44807;-0.69919;0.00027;0.16271;
13.78031;-0.42871;-19.23680;5.48100;-0.71610;0.00479;0.16311;
13.78808;-0.41793;-19.26015;5.41274;-0.72542;0.00479;0.16644;
13.79588;-0.40895;-19.27093;5.44627;-0.76404;0.00546;0.17097;
13.80366;-0.41434;-19.26733;5.44208;-0.78175;0.00346;0.17097;
13.81144;-0.42152;-19.26973;5.44508;-0.78641;-0.01012;0.17297;
13.81926;-0.42512;-19.28530;5.49358;-0.77349;-0.01691;0.17496;
13.82707;-0.38620;-19.28709;5.44687;-0.72050;-0.02810;0.17736;
13.83488;-0.39099;-19.28769;5.42532;-0.67882;-0.03023;0.17843;
13.84270;-0.44847;-19.28410;5.35467;-0.67376;-0.02796;0.17776;
13.85052;-0.45625;-19.27991;5.33550;-0.69413;-0.02437;0.17616;
13.85834;-0.49038;-19.31164;5.44148;-0.70172;-0.02610;0.17563;
13.86615;-0.46104;-19.30326;5.42771;-0.69866;-0.02224;0.17590;
13.87396;-0.46344;-19.29009;5.39299;-0.69706;-0.01971;0.17430;
13.88178;-0.43410;-19.19249;5.48519;-0.71464;-0.01491;0.17403;
13.88959;-0.46104;-19.18052;5.58878;-0.73168;-0.01585;0.17683;
13.89740;-0.48978;-19.21464;5.46603;-0.74180;-0.01971;0.18349;
13.90522;-0.47841;-19.24937;5.36844;-0.71917;-0.01411;0.18668;
13.91304;-0.45446;-19.21944;5.50854;-0.70625;-0.00999;0.18895;
13.92085;-0.40536;-19.25476;5.44508;-0.67935;-0.00519;0.19094;
13.92865;-0.39398;-19.26494;5.43071;-0.66271;-0.00080;0.18775;
13.93646;-0.40715;-19.25955;5.46124;-0.64420;0.00027;0.18202;
13.94424;-0.40176;-19.27212;5.48519;-0.64500;0.00160;0.17989;
13.95203;-0.41134;-19.28889;5.54028;-0.66684;0.00679;0.17816;
13.95980;-0.43410;-19.28111;5.58219;-0.69773;0.00200;0.18269;
13.96758;-0.40715;-19.24219;5.58339;-0.71118;-0.00293;0.18375;
13.97539;-0.39817;-19.26374;5.55285;-0.72343;-0.00466;0.18482;
13.98321;-0.39518;-19.28410;5.52411;-0.71996;-0.00599;0.18282;
13.99102;-0.37482;-19.22183;5.46963;-0.69946;-0.00812;0.17656;
13.99884;-0.40655;-19.23859;5.43430;-0.69453;-0.00453;0.17283;
14.00666;-0.44368;-19.26674;5.44687;-0.69307;0.00000;0.16698;
14.01440;-0.46164;-19.25895;5.46424;-0.68628;0.00173;0.16498;
14.02220;-0.42751;-19.27212;5.46064;-0.66031;0.00160;0.16138;
14.02999;-0.44188;-19.29967;5.45346;-0.66031;-0.00613;0.16684;
14.03781;-0.48978;-19.28290;5.46963;-0.67296;-0.00972;0.16911;
14.04564;-0.47841;-19.25237;5.49717;-0.69400;-0.01358;0.17337;
14.05346;-0.45625;-19.22243;5.53968;-0.70532;-0.01478;0.17616;
14.06128;-0.43290;-19.23440;5.58399;-0.72782;-0.01265;0.17883;
14.06910;-0.43529;-19.23201;5.58040;-0.73528;-0.01491;0.18215;
14.07692;-0.47002;-19.27153;5.53669;-0.72130;-0.01451;0.18455;
14.08474;-0.45745;-19.26195;5.54267;-0.68841;-0.01305;0.18588;
14.09256;-0.39997;-19.26434;5.45585;-0.67815;-0.01052;0.18642;
14.10037;-0.40775;-19.25895;5.43729;-0.68481;-0.00573;0.18096;
14.10818;-0.45266;-19.23201;5.48340;-0.69893;-0.00706;0.17736;
14.11599;-0.45446;-19.29607;5.50555;-0.73022;-0.01225;0.17363;
14.12381;-0.43350;-19.29188;5.55525;-0.74060;-0.01198;0.17283;
14.13163;-0.42392;-19.26314;5.54267;-0.74766;-0.01345;0.17443;
14.13945;-0.40955;-19.28051;5.56782;-0.74633;-0.01358;0.17523;
14.14727;-0.46523;-19.28470;5.50555;-0.73115;-0.01798;0.17670;
14.15509;-0.43170;-19.30805;5.54208;-0.70385;-0.01771;0.17843;
14.16291;-0.38141;-19.25656;5.51573;-0.68987;-0.01518;0.17883;
14.17073;-0.41554;-19.22722;5.44448;-0.67496;-0.00919;0.17310;
14.17855;-0.40835;-19.21225;5.48340;-0.67935;-0.00493;0.16884;
14.18636;-0.44188;-19.24159;5.50256;-0.69267;0.00306;0.16298;
14.19415;-0.43769;-19.23141;5.56722;-0.68987;0.00599;0.16285;
14.20196;-0.43410;-19.22482;5.58219;-0.67616;0.00972;0.16298;
14.20975;-0.46703;-19.21165;5.56243;-0.67736;0.00439;0.16737;
14.21755;-0.51134;-19.25955;5.52112;-0.68548;0.00027;0.17084;
14.22533;-0.49577;-19.27572;5.58399;-0.70159;-0.00772;0.17923;
14.23316;-0.46224;-19.28590;5.61273;-0.70199;-0.00945;0.18548;
14.24097;-0.41673;-19.26255;5.65045;-0.69453;-0.01358;0.18628;
14.24879;-0.44787;-19.28769;5.62470;-0.69759;-0.01332;0.18508;
14.25661;-0.41254;-19.31703;5.52770;-0.70305;-0.00919;0.18269;
14.26443;-0.39458;-19.30745;5.55824;-0.70505;-0.00639;0.18189;
14.27224;-0.34907;-19.27811;5.59117;-0.70052;0.00280;0.18069;
14.28001;-0.33051;-19.25656;5.60075;-0.69706;0.01052;0.17470;
14.28778;-0.36285;-19.22123;5.53070;-0.69693;0.01265;0.17217;
14.29558;-0.43529;-19.27212;5.51812;-0.71451;0.01438;0.17323;
14.30338;-0.42751;-19.25835;5.57381;-0.72409;0.01332;0.17630;
14.31118;-0.39877;-19.23680;5.59716;-0.72609;0.01198;0.17962;
14.31897;-0.37123;-19.23919;5.55225;-0.71584;0.01025;0.17923;
14.32678;-0.40895;-19.25356;5.52052;-0.69879;0.00719;0.17856;
14.33458;-0.41254;-19.25596;5.53788;-0.70545;0.00306;0.17710;
14.34236;-0.42931;-19.27991;5.54447;-0.70638;0.00160;0.17696;
14.35013;-0.41015;-19.27632;5.50375;-0.68921;-0.00386;0.17124;
14.35796;-0.44727;-19.26494;5.48699;-0.68428;-0.00413;0.16951;
14.36578;-0.41853;-19.26973;5.46603;-0.71451;-0.00439;0.16618;
14.37360;-0.42571;-19.27452;5.52651;-0.74193;-0.00493;0.16405;
14.38141;-0.41973;-19.29548;5.55704;-0.76697;-0.00559;0.16085;
14.38922;-0.40416;-19.28111;5.57261;-0.76404;-0.00453;0.16045;
14.39703;-0.44787;-19.30266;5.60255;-0.74114;-0.00386;0.16564;
14.40484;-0.46463;-19.30506;5.61752;-0.71943;-0.00839;0.17230;
14.41264;-0.43350;-19.29428;5.57141;-0.71890;-0.00999;0.17670;
14.42046;-0.38799;-19.27991;5.65943;-0.72942;-0.01039;0.17949;
14.42828;-0.37662;-19.27931;5.62590;-0.73741;-0.01132;0.17909;
14.43610;-0.39039;-19.25835;5.58638;-0.74859;-0.01611;0.17563;
14.44393;-0.39817;-19.21225;5.55285;-0.75791;-0.01545;0.17483;
14.45175;-0.42571;-19.25117;5.45286;-0.78454;-0.01651;0.16871;
14.45957;-0.42452;-19.24159;5.50136;-0.79892;-0.01518;0.16418;
14.46738;-0.50655;-19.26554;5.50795;-0.79107;-0.01092;0.16471;
14.47519;-0.46404;-19.24458;5.49358;-0.74886;-0.00493;0.16990;
14.48301;-0.43769;-19.25895;5.53190;-0.72755;-0.00439;0.16964;
14.49082;-0.41134;-19.25596;5.52711;-0.70199;-0.00453;0.17124;
14.49864;-0.39458;-19.24937;5.55405;-0.69613;-0.00479;0.16990;
14.50645;-0.40117;-19.28290;5.59836;-0.67469;-0.00613;0.16378;
14.51427;-0.43529;-19.26554;5.60255;-0.66364;-0.00892;0.16311;
14.52208;-0.43290;-19.25476;5.56722;-0.66471;-0.01385;0.16524;
14.52991;-0.46284;-19.28111;5.61093;-0.69054;-0.01731;0.17137;
14.53774;-0.46523;-19.27452;5.60973;-0.69387;-0.01571;0.17457;
14.54556;-0.44308;-19.32961;5.49118;-0.68295;-0.01531;0.18002;
14.55337;-0.42092;-19.30087;5.45885;-0.68148;-0.01651;0.18482;
14.56118;-0.38380;-19.33080;5.60375;-0.69267;-0.01198;0.18522;
14.56902;-0.40176;-19.29727;5.56543;-0.69546;-0.00932;0.18668;
14.57683;-0.39997;-19.32541;5.65644;-0.68787;-0.00959;0.18801;
14.58463;-0.42631;-19.35535;5.64267;-0.66657;-0.01185;0.19281;
14.59245;-0.42332;-19.29488;5.65524;-0.65272;-0.01438;0.19267;
14.60028;-0.40955;-19.27632;5.59656;-0.63262;-0.01624;0.18974;
14.60809;-0.40835;-19.24219;5.64626;-0.63262;-0.01678;0.18429;
14.61591;-0.42332;-19.24758;5.55944;-0.64087;-0.01944;0.17337;
14.62373;-0.41853;-19.22961;5.55106;-0.64686;-0.02397;0.16897;
14.63155;-0.43230;-19.19189;5.52531;-0.66284;-0.03302;0.16271;
14.63937;-0.45685;-19.19548;5.53908;-0.68721;-0.03355;0.16058;
14.64718;-0.44727;-19.21285;5.54926;-0.69853;-0.03409;0.16138;
14.65500;-0.47481;-19.23141;5.55884;-0.71437;-0.03355;0.16405;
14.66283;-0.47182;-19.26853;5.64506;-0.71304;-0.03049;0.16551;
14.67065;-0.47421;-19.28949;5.64626;-0.69813;-0.02184;0.17124;
14.67847;-0.43829;-19.29907;5.64147;-0.69027;-0.01891;0.17337;
14.68630;-0.42811;-19.27931;5.63548;-0.69866;-0.01198;0.17869;
14.69411;-0.38141;-19.28410;5.65524;-0.70638;-0.00932;0.18122;
14.70193;-0.41613;-19.32182;5.64207;-0.71584;-0.00839;0.18082;
14.70975;-0.36165;-19.30386;5.60494;-0.69866;-0.00786;0.17923;
14.71757;-0.43050;-19.37092;5.63967;-0.68814;-0.00759;0.17550;
14.72537;-0.40176;-19.28410;5.67081;-0.69240;-0.00812;0.17616;
14.73318;-0.41434;-19.33020;5.56243;-0.69893;-0.00706;0.17843;
14.74100;-0.44308;-19.26614;5.65284;-0.70798;-0.01025;0.17789;
14.74881;-0.39278;-19.28410;5.64805;-0.71930;-0.00999;0.17630;
14.75662;-0.41554;-19.28170;5.63728;-0.75139;-0.01478;0.17443;
14.76444;-0.41015;-19.30206;5.63548;-0.76204;-0.01838;0.17430;
14.77226;-0.41733;-19.26434;5.65284;-0.75245;-0.01864;0.17443;
14.78007;-0.41374;-19.24818;5.68218;-0.71690;-0.02037;0.17883;
14.78789;-0.46763;-19.20147;5.83966;-0.69946;-0.02517;0.18136;
14.79571;-0.45984;-19.28290;5.62410;-0.66697;-0.03635;0.18695;
14.80353;-0.45565;-19.34218;5.43729;-0.65765;-0.03142;0.18548;