3.76295;-0.46164;0.12454;9.28250;-0.46604;0.00826;-0.13329;
3.77062;-0.44966;0.11556;9.21783;-0.47549;0.01411;-0.13182;
3.77826;-0.55624;0.13412;9.27771;-0.48908;0.03409;-0.13875;
3.78592;-0.61193;0.19460;9.35914;-0.49587;0.03782;-0.14301;
3.79357;-0.65863;0.20837;9.38309;-0.51597;0.03276;-0.14953;
3.80123;-0.61193;0.24429;9.39446;-0.53874;0.02117;-0.14980;
3.80889;-0.62510;0.21914;9.40764;-0.54899;0.01305;-0.14900;
3.81655;-0.60055;0.20178;9.36872;-0.55512;0.00293;-0.15140;
3.82419;-0.60594;0.22932;9.31663;-0.55379;0.00160;-0.15313;
3.83185;-0.60295;0.22034;9.32621;-0.55152;-0.00146;-0.15419;
3.83952;-0.58498;0.19759;9.28190;-0.54833;-0.00027;-0.15406;
3.84719;-0.55744;0.18741;9.29747;-0.54673;0.00373;-0.15779;
3.85484;-0.57480;0.16346;9.22262;-0.54713;0.00772;-0.16005;
3.86248;-0.57001;0.19639;9.25256;-0.54527;0.01944;-0.16777;
3.87014;-0.58259;0.17663;9.25615;-0.54580;0.02304;-0.17124;
3.87778;-0.58858;0.20477;9.35734;-0.55472;0.02743;-0.17869;
3.88543;-0.57121;0.19759;9.37471;-0.56817;0.02863;-0.17962;
3.89308;-0.59636;0.16526;9.40524;-0.59027;0.02983;-0.18282;
3.90073;-0.59396;0.19939;9.42560;-0.58974;0.02916;-0.18309;
3.90837;-0.61013;0.17843;9.46152;-0.56524;0.02796;-0.18096;
3.91601;-0.60474;0.16466;9.43159;-0.54487;0.02583;-0.18029;
3.92365;-0.56942;0.15747;9.34896;-0.51544;0.02583;-0.17909;
3.93129;-0.56223;0.15987;9.34716;-0.49600;0.02330;-0.17923;
3.93895;-0.57121;0.14969;9.32860;-0.48801;0.02450;-0.18016;
3.94661;-0.55564;0.13532;9.30226;-0.46471;0.02770;-0.18522;
3.95425;-0.53708;0.13951;9.34357;-0.44540;0.02730;-0.18628;
3.96190;-0.52930;0.13831;9.42201;-0.40625;0.02144;-0.17923;
3.96953;-0.56882;0.16286;9.43398;-0.39747;0.02037;-0.17563;
3.97719;-0.56522;0.16645;9.39327;-0.40918;0.01704;-0.17177;
3.98484;-0.60534;0.18502;9.43518;-0.42423;0.01398;-0.17110;
3.99247;-0.54247;0.16705;9.40764;-0.46311;0.00812;-0.16897;
4.00011;-0.55505;0.18741;9.43458;-0.48175;0.00546;-0.16591;
4.00776;-0.55265;0.19519;9.44536;-0.51145;-0.00027;-0.16338;
4.01543;-0.56043;0.20298;9.42500;-0.51451;-0.00226;-0.16365;
4.02310;-0.53529;0.17124;9.39267;-0.48561;0.00000;-0.16524;
4.03070;-0.49876;0.18142;9.37710;-0.45925;0.00399;-0.16298;
4.03834;-0.51912;0.16286;9.37231;-0.41025;0.01411;-0.16445;
4.04600;-0.53469;0.17783;9.36213;-0.39667;0.01917;-0.16591;
4.05365;-0.56582;0.17124;9.34776;-0.39227;0.02330;-0.16844;
4.06130;-0.61792;0.18442;9.34477;-0.40532;0.02250;-0.17403;
4.06894;-0.62211;0.19340;9.37950;-0.41464;0.02250;-0.17523;
4.07661;-0.63648;0.22813;9.40764;-0.45286;0.02277;-0.17829;
4.08425;-0.62271;0.23890;9.40524;-0.47696;0.01971;-0.17909;
4.09189;-0.59696;0.24669;9.41123;-0.51464;0.01718;-0.17536;
4.09954;-0.56882;0.24729;9.46152;-0.52436;0.01465;-0.17177;
4.10719;-0.55385;0.21076;9.41003;-0.52902;0.00932;-0.16285;
4.11486;-0.56762;0.20238;9.43219;-0.52529;0.00506;-0.16045;
4.12250;-0.56942;0.19519;9.44296;-0.50639;0.00160;-0.15872;
4.13015;-0.56403;0.16945;9.41841;-0.49627;-0.00093;-0.15739;
4.13781;-0.53948;0.12813;9.34896;-0.47310;-0.00466;-0.15752;
4.14549;-0.52152;0.15867;9.34058;-0.47083;-0.00253;-0.15992;
4.15317;-0.50355;0.14729;9.33219;-0.48921;0.00253;-0.16671;
4.16084;-0.48858;0.16705;9.35255;-0.50705;0.00453;-0.16911;
4.16848;-0.53469;0.16705;9.39746;-0.54886;0.01212;-0.17164;
4.17614;-0.54547;0.17005;9.38608;-0.57190;0.00799;-0.17137;
4.18378;-0.56343;0.19819;9.42081;-0.57922;0.00692;-0.16897;
4.19144;-0.59456;0.18322;9.44177;-0.57629;0.00759;-0.16977;
4.19908;-0.58917;0.12394;9.39985;-0.56910;0.00985;-0.16911;
4.20673;-0.55684;0.12993;9.41243;-0.53381;0.00892;-0.16391;
4.21438;-0.55325;0.12813;9.44057;-0.51091;0.00759;-0.16045;
4.22204;-0.55505;0.15747;9.41003;-0.45845;0.00479;-0.15526;
4.22968;-0.55265;0.15448;9.43937;-0.43555;0.00546;-0.15539;
4.23735;-0.58498;0.22573;9.36213;-0.41411;0.00812;-0.16325;
4.24500;-0.57959;0.21974;9.37411;-0.42356;0.01052;-0.16871;
4.25266;-0.56942;0.22753;9.36872;-0.47177;0.01558;-0.17883;
4.26032;-0.55804;0.20358;9.34597;-0.49706;0.01731;-0.18349;
4.26796;-0.56642;0.17783;9.41542;-0.52995;0.01811;-0.18855;
4.27562;-0.55684;0.16226;9.47170;-0.53395;0.01585;-0.18881;
4.28326;-0.56522;0.10957;9.49146;-0.53488;0.01558;-0.18761;
4.29091;-0.51313;0.09580;9.47111;-0.52729;0.01678;-0.18242;
4.29855;-0.48918;0.12753;9.56092;-0.52023;0.01891;-0.17829;
4.30620;-0.47002;0.12035;9.59744;-0.49214;0.02383;-0.17124;
4.31384;-0.51134;0.15687;9.60762;-0.46950;0.02557;-0.16378;
4.32150;-0.48499;0.19340;9.58786;-0.43315;0.02570;-0.15166;
4.32916;-0.56103;0.21256;9.45973;-0.42796;0.02557;-0.14634;
4.33681;-0.57959;0.20956;9.40644;-0.44460;0.02450;-0.14487;
4.34445;-0.56163;0.21675;9.31663;-0.46018;0.02277;-0.14540;
4.35211;-0.52211;0.19579;9.30405;-0.48388;0.01904;-0.14634;
4.35977;-0.49337;0.18023;9.32441;-0.48947;0.01704;-0.14687;
4.36743;-0.51792;0.14071;9.32261;-0.48734;0.01318;-0.14900;
4.37508;-0.54846;0.13771;9.37171;-0.47909;0.01172;-0.15113;
4.38273;-0.55385;0.15029;9.42261;-0.46284;0.01052;-0.15606;
4.39038;-0.55205;0.17184;9.44895;-0.45645;0.01345;-0.15925;
4.39802;-0.56522;0.17184;9.43219;-0.45752;0.01704;-0.16045;
4.40567;-0.56163;0.17544;9.44177;-0.46351;0.01824;-0.16192;
4.41333;-0.52631;0.15628;9.49026;-0.47989;0.01664;-0.16005;
4.42099;-0.51852;0.17603;9.51721;-0.50013;0.01491;-0.15419;
4.42862;-0.55564;0.17304;9.57050;-0.50612;0.01611;-0.15140;
4.43627;-0.58858;0.16645;9.48607;-0.51105;0.02383;-0.15406;
4.44391;-0.59576;0.18442;9.47649;-0.51184;0.02756;-0.16085;
4.45156;-0.59816;0.19160;9.45793;-0.50252;0.03302;-0.17030;
4.45921;-0.57181;0.19579;9.53098;-0.49041;0.03342;-0.17177;
4.46686;-0.57421;0.19220;9.51661;-0.46724;0.03648;-0.17496;
4.47453;-0.60175;0.20837;9.49865;-0.46111;0.03715;-0.18109;
4.48218;-0.58798;0.20477;9.47769;-0.46924;0.04208;-0.19081;
4.48984;-0.60175;0.21316;9.44416;-0.47869;0.04168;-0.19401;
4.49750;-0.56522;0.17364;9.48907;-0.48402;0.03928;-0.20293;
4.50514;-0.53409;0.19100;9.48009;-0.47922;0.03941;-0.20279;
4.51278;-0.42811;0.18322;9.45614;-0.46311;0.03688;-0.19840;
4.52044;-0.42512;0.18502;9.47530;-0.45392;0.03555;-0.19254;
4.52809;-0.47182;0.15927;9.41841;-0.43155;0.03369;-0.18402;
4.53575;-0.50894;0.16945;9.46632;-0.42223;0.03462;-0.17883;
4.54339;-0.51373;0.16166;9.52020;-0.42463;0.03222;-0.18056;
4.55104;-0.54547;0.14190;9.54894;-0.42729;0.03369;-0.18255;
4.55869;-0.52032;0.15268;9.52978;-0.42636;0.03329;-0.18402;
4.56634;-0.56942;0.15448;9.56930;-0.41344;0.03422;-0.18442;
4.57400;-0.59636;0.20118;9.55972;-0.41557;0.03502;-0.18415;
4.58165;-0.57001;0.20777;9.52859;-0.44300;0.03555;-0.18602;
4.58929;-0.58678;0.18741;9.54415;-0.46351;0.03462;-0.18695;
4.59695;-0.59217;0.19040;9.51062;-0.49334;0.03542;-0.19387;
4.60460;-0.57600;0.17005;9.46272;-0.50172;0.03702;-0.19813;
4.61223;-0.57361;0.17065;9.42201;-0.51571;0.04221;-0.20479;
4.61990;-0.55265;0.14071;9.40464;-0.52276;0.04301;-0.20812;
4.62756;-0.56762;0.17963;9.39626;-0.53501;0.04221;-0.20586;
4.63520;-0.55744;0.20837;9.41542;-0.54234;0.03848;-0.20333;
4.64284;-0.54068;0.23172;9.45254;-0.55246;0.03316;-0.19547;
4.65049;-0.56762;0.21016;9.45733;-0.55459;0.02783;-0.19254;
4.65814;-0.57660;0.18442;9.44596;-0.56071;0.02224;-0.18522;
4.66580;-0.58139;0.18082;9.46152;-0.56910;0.01558;-0.18415;
4.67343;-0.58977;0.15927;9.47470;-0.57389;0.01518;-0.18508;
4.68107;-0.56582;0.12274;9.53637;-0.58295;0.01478;-0.18921;
4.68872;-0.57361;0.17903;9.58187;-0.59533;0.01451;-0.19028;
4.69637;-0.53948;0.19460;9.61241;-0.63861;0.01132;-0.18016;
4.70402;-0.54307;0.19939;9.62798;-0.66257;0.01052;-0.17510;
4.71166;-0.57720;0.12873;9.59804;-0.68814;0.01358;-0.16631;
4.71931;-0.59696;0.11376;9.64055;-0.68787;0.01864;-0.16458;
4.72696;-0.57600;0.09400;9.59744;-0.67123;0.03023;-0.16857;
4.73460;-0.53469;0.06526;9.59026;-0.66018;0.03622;-0.16604;
4.74224;-0.51433;0.08562;9.53577;-0.63195;0.05060;-0.16325;
4.74990;-0.51014;0.07844;9.56212;-0.61570;0.05632;-0.16338;
4.75755;-0.56822;0.14729;9.69085;-0.57589;0.06551;-0.16644;
4.76519;-0.58199;0.20717;9.71240;-0.56897;0.06458;-0.16951;
4.77284;-0.62330;0.29938;9.80102;-0.60172;0.05939;-0.17337;
4.78050;-0.62510;0.29099;9.75911;-0.63861;0.05419;-0.17563;
4.78813;-0.60953;0.19998;9.76749;-0.71224;0.04328;-0.17443;
4.79579;-0.56343;0.17364;9.75791;-0.73767;0.03449;-0.16751;
4.80345;-0.55505;0.17603;9.77827;-0.73155;0.03289;-0.16351;
4.81110;-0.51373;0.15867;9.73995;-0.71743;0.03236;-0.15446;
4.81875;-0.52032;0.16346;9.74713;-0.72143;0.03316;-0.15206;
4.82641;-0.51972;0.18442;9.77108;-0.75885;0.03329;-0.14647;
4.83406;-0.56403;0.22633;9.90700;-0.78122;0.03915;-0.14833;
4.84172;-0.61193;0.22393;10.03274;-0.81717;0.05659;-0.15912;
4.84943;-0.62091;0.22034;10.04172;-0.82848;0.06378;-0.16538;
4.85714;-0.64546;0.25267;10.00699;-0.83634;0.07936;-0.17670;
4.86486;-0.62929;0.18382;10.01238;-0.83155;0.08815;-0.18322;
4.87258;-0.63408;0.15029;10.08423;-0.82649;0.10293;-0.19547;
4.88028;-0.60534;0.16825;10.08183;-0.84087;0.10399;-0.20186;
4.88798;-0.55684;0.13592;10.13453;-0.91290;0.10200;-0.20452;
4.89570;-0.51553;0.16346;10.05669;-0.98321;0.09840;-0.19720;
4.90340;-0.53768;0.07963;10.07645;-1.00558;0.09148;-0.18721;
4.91109;-0.57061;0.12155;10.13812;-1.01171;0.07696;-0.17310;
4.91880;-0.60833;0.14430;10.20218;-1.00172;0.07057;-0.16897;
4.92651;-0.61672;0.12753;10.21296;-0.98800;0.05619;-0.16538;
4.93422;-0.60774;0.14909;10.21057;-0.98481;0.05193;-0.16018;
4.94192;-0.63887;0.18442;10.33810;-0.97229;0.04847;-0.15699;
4.94962;-0.68977;0.22872;10.40816;-0.97109;0.04873;-0.16018;
4.95734;-0.68198;0.16047;10.31894;-0.99453;0.04474;-0.16298;
4.96504;-0.65264;0.09161;10.25727;-1.01570;0.04234;-0.16644;
4.97275;-0.63229;0.05808;10.37403;-1.04499;0.03795;-0.16631;
4.98045;-0.64067;0.09101;10.51234;-1.05059;0.04008;-0.16897;
4.98814;-0.68438;0.07245;10.59377;-1.05112;0.03995;-0.18056;
4.99585;-0.68617;0.07484;10.54587;-1.05511;0.02863;-0.18974;
5.00355;-0.64845;0.14310;10.66862;-1.06390;0.02024;-0.19441;
5.01124;-0.65923;0.10478;10.68598;-1.07735;0.01811;-0.20133;
5.01894;-0.60175;0.02515;10.71232;-1.06896;0.02210;-0.20506;
5.02664;-0.57540;0.03054;10.80333;-1.04087;0.02423;-0.20239;
5.03433;-0.56702;-0.00299;10.83986;-1.03368;0.02730;-0.19880;
5.04203;-0.54367;-0.03952;10.88417;-1.02835;0.03129;-0.19294;
5.04975;-0.49757;-0.06287;10.83866;-1.01810;0.03236;-0.18415;
5.05748;-0.50715;-0.03832;10.98775;-0.98334;0.03622;-0.16684;
5.06521;-0.55265;0.01916;11.04523;-0.97309;0.03622;-0.15859;
5.07292;-0.59337;-0.02635;10.91830;-0.97589;0.03662;-0.14793;
5.08064;-0.63827;-0.02934;10.96799;-0.98707;0.03196;-0.14700;
5.08836;-0.62570;0.01437;11.06260;-0.99679;0.02703;-0.14687;
5.09605;-0.61552;0.01257;11.08355;-1.00545;0.01358;-0.14714;
5.10376;-0.58618;-0.00060;11.04284;-1.00638;0.00679;-0.14367;
5.11145;-0.56702;-0.02814;11.16438;-1.02036;0.00053;-0.14354;
5.11917;-0.56103;-0.07125;11.17037;-1.03101;0.00346;-0.14341;
5.12689;-0.61193;-0.06586;11.23144;-1.04020;0.00945;-0.14567;
5.13462;-0.62151;-0.10119;11.28354;-1.04406;0.00972;-0.15073;
5.14235;-0.66402;-0.10658;11.37095;-1.05325;0.01571;-0.16045;
5.15007;-0.62630;-0.09939;11.39431;-1.06257;0.01491;-0.16032;
5.15779;-0.60414;-0.03114;11.68231;-1.06843;0.00093;-0.16045;
5.16552;-0.59456;-0.01796;11.72003;-1.08507;-0.02557;-0.15299;
5.17324;-0.68258;-0.03413;11.75176;-1.10451;-0.03968;-0.14793;
5.18100;-0.65025;-0.10718;11.71045;-1.15272;-0.06471;-0.14168;
5.18875;-0.64067;-0.11137;11.86133;-1.17562;-0.07110;-0.13941;
5.19653;-0.60055;-0.14849;11.84277;-1.24100;-0.07856;-0.14048;
5.20427;-0.56522;-0.15268;11.76074;-1.28267;-0.07537;-0.14287;
5.21204;-0.48140;-0.24848;11.77511;-1.35444;-0.05339;-0.14500;
5.21980;-0.48439;-0.19998;11.88169;-1.37775;-0.03622;-0.14767;
5.22758;-0.48260;-0.21136;11.94576;-1.41862;-0.01079;-0.15273;
5.23535;-0.47601;-0.24130;11.93917;-1.48374;0.00200;-0.16072;
5.24307;-0.42571;-0.53768;12.46608;-1.53101;-0.00599;-0.16791;
5.25082;-0.45326;0.34608;12.35112;-1.85697;-0.03995;-0.16737;
5.25857;-0.45266;-0.25866;12.26549;-2.00530;-0.02543;-0.15899;
5.26631;-0.57959;-0.31435;12.42656;-2.12088;-0.02849;-0.15193;
5.27408;-0.61732;-0.33470;12.61098;-2.08892;-0.02916;-0.15632;
5.28184;-0.64725;-0.52451;12.76665;-1.92408;-0.01345;-0.17230;
5.28960;-0.61432;-0.52092;12.73671;-1.87015;-0.01052;-0.17869;
5.29735;-0.59516;-0.50774;13.01094;-1.91156;-0.00240;-0.18162;
5.30508;-0.58738;-0.50116;13.03549;-2.00117;0.00186;-0.18295;
5.31279;-0.63169;-0.57540;13.18398;-2.29025;0.01598;-0.18242;
5.32054;-0.64366;-0.60414;13.12590;-2.68559;0.00613;-0.18162;
5.32828;-0.52690;-0.76581;13.34864;-2.86774;-0.00306;-0.17443;
5.33603;-0.48020;-0.86879;13.38816;-3.06361;-0.00626;-0.16138;
5.34376;-0.52990;-1.00351;13.77076;-3.08265;-0.00799;-0.15326;
5.35150;-0.53948;-1.08614;14.14139;-3.09543;-0.04940;-0.14620;
5.35926;-0.49158;-1.13464;13.85579;-3.10209;-0.06205;-0.14447;
5.36701;-0.43470;-1.33642;14.34916;-3.05322;-0.08548;-0.13742;
5.37479;-0.47541;-1.40049;14.41862;-2.97839;-0.09374;-0.13289;
5.38257;-0.59456;-1.51784;14.76769;-2.80662;-0.12250;-0.13382;
5.39036;-0.60534;-1.57832;14.88924;-2.73339;-0.11531;-0.14567;
5.39814;-0.61672;-1.74537;14.96468;-2.71448;-0.10519;-0.15233;
5.40592;-0.59995;-1.87590;15.05928;-2.56841;-0.07297;-0.15952;
5.41367;-0.54666;-1.98128;15.38082;-2.45816;-0.06458;-0.16152;
5.42145;-0.47002;-2.02200;15.27723;-2.27241;-0.04434;-0.15965;
5.42921;-0.47002;-2.04295;15.35806;-2.21036;-0.03861;-0.15792;
5.43696;-0.49158;-2.10822;15.48680;-2.15803;-0.04634;-0.15486;
5.44472;-0.49697;-2.16570;15.58619;-2.15989;-0.04740;-0.15379;
5.45249;-0.56762;-2.25371;15.82809;-2.20303;-0.04780;-0.15046;
5.46023;-0.56403;-2.31299;15.82988;-2.27827;-0.04900;-0.15659;
5.46799;-0.56822;-2.45430;15.77959;-2.31355;-0.04301;-0.15752;
5.47576;-0.56343;-2.55249;15.93167;-2.34644;-0.03236;-0.16351;
5.48356;-0.48499;-2.73571;16.07358;-2.35896;-0.02916;-0.16471;
5.49133;-0.53050;-2.83570;16.35799;-2.40090;-0.02903;-0.16338;
5.49906;-0.57001;-2.91654;16.40588;-2.41635;-0.02663;-0.16351;
5.50680;-0.51014;-3.05485;16.40409;-2.42700;-0.02730;-0.16777;
5.51454;-0.49517;-3.08658;16.50947;-2.43446;-0.03196;-0.16990;
5.52230;-0.54247;-3.16442;16.67652;-2.49145;-0.04261;-0.17603;
5.53008;-0.54187;-3.26441;16.77053;-2.53512;-0.04581;-0.18082;
5.53786;-0.54247;-3.43326;16.87890;-2.59078;-0.04274;-0.18535;
5.54563;-0.55564;-3.55601;16.99267;-2.58679;-0.03449;-0.19134;
5.55339;-0.48260;-3.79072;17.09924;-2.55150;-0.02849;-0.19148;
5.56114;-0.45386;-3.94819;17.21121;-2.44990;-0.01864;-0.18668;
5.56892;-0.45206;-4.01525;17.27169;-2.39917;-0.01824;-0.18269;
5.57670;-0.50894;-4.18350;17.45311;-2.29132;-0.01425;-0.18229;
5.58448;-0.53409;-4.24936;17.45191;-2.24498;-0.01252;-0.18415;
5.59225;-0.54906;-4.33499;17.44952;-2.18985;-0.01105;-0.19760;
5.60001;-0.51313;-4.38348;17.52735;-2.18732;-0.01225;-0.20386;
5.60776;-0.46763;-4.58766;17.68662;-2.22274;-0.01718;-0.20692;
5.61552;-0.47481;-4.62418;17.69321;-2.33952;-0.03076;-0.21464;
5.62331;-0.47182;-4.80022;17.79679;-2.42141;-0.03755;-0.21677;
5.63109;-0.44667;-4.95949;17.84469;-2.58173;-0.04567;-0.21491;
5.63886;-0.44308;-5.05948;17.99798;-2.63712;-0.04674;-0.21291;
5.64662;-0.44787;-5.24330;18.08599;-2.68612;-0.05260;-0.20559;
5.65436;-0.44068;-5.32113;18.07581;-2.68652;-0.05659;-0.20466;
5.66213;-0.38979;-5.56004;18.14048;-2.66681;-0.06005;-0.20040;
5.66986;-0.39338;-5.66123;18.18359;-2.64364;-0.06564;-0.19973;
5.67764;-0.45805;-5.88097;18.36741;-2.61102;-0.07510;-0.20146;
5.68539;-0.45865;-5.98935;18.43746;-2.62540;-0.06711;-0.20306;
5.69315;-0.42631;-6.17676;18.44824;-2.64351;-0.05912;-0.19893;
5.70092;-0.38440;-6.32165;18.38776;-2.65989;-0.04847;-0.18602;
5.70868;-0.41673;-6.51086;18.55661;-2.64923;-0.04194;-0.17576;
5.71646;-0.49637;-6.78988;18.72007;-2.56175;-0.01864;-0.15073;
5.72422;-0.49996;-6.87850;18.79911;-2.48705;-0.00799;-0.13981;
5.73197;-0.48200;-7.03297;18.76318;-2.32381;0.00759;-0.12823;
5.73970;-0.44607;-7.08507;18.76977;-2.26349;0.01252;-0.12357;
5.74742;-0.42631;-7.23416;18.84821;-2.22181;0.01345;-0.11984;
5.75517;-0.43470;-7.25272;18.78833;-2.35110;0.00413;-0.12783;
5.76292;-0.40835;-7.34014;18.74402;-2.46455;-0.00107;-0.13182;
5.77066;-0.40356;-7.49042;18.81288;-2.68292;-0.00972;-0.14367;
5.77842;-0.45326;-7.78860;18.89790;-2.75429;-0.01092;-0.15140;
5.78617;-0.43649;-8.02332;19.05597;-2.80649;-0.01079;-0.16285;
5.79392;-0.41853;-8.14486;19.04759;-2.78838;-0.00839;-0.16524;
5.80168;-0.40057;-8.37658;19.02963;-2.67334;-0.00479;-0.16551;
5.80942;-0.39757;-8.52747;19.02304;-2.58226;-0.00573;-0.16777;
5.81718;-0.41494;-8.70769;19.11405;-2.37733;-0.00852;-0.16711;
5.82494;-0.43230;-8.82026;19.11705;-2.22128;-0.01332;-0.16631;
5.83273;-0.45386;-8.92384;19.11405;-2.17640;-0.01838;-0.16764;
5.84050;-0.50236;-9.00228;19.06496;-2.14831;-0.02064;-0.17057;
5.84823;-0.47721;-9.15496;19.06017;-2.15164;-0.02130;-0.16884;
5.85599;-0.46044;-9.37171;19.08891;-2.17774;-0.01931;-0.16231;
5.86376;-0.47182;-9.43578;19.05418;-2.19984;-0.02011;-0.16098;
5.87151;-0.43769;-9.55553;19.08112;-2.25789;-0.02530;-0.16551;
5.87928;-0.40296;-9.64953;19.05837;-2.28319;-0.02290;-0.17257;
5.88704;-0.39997;-9.86329;19.13082;-2.28492;-0.03302;-0.18708;
5.89479;-0.40955;-9.93035;19.12902;-2.26415;-0.03262;-0.19041;
5.90254;-0.41554;-10.12974;19.12603;-2.21595;-0.03249;-0.19520;
5.91036;-0.38500;-10.18123;19.10866;-2.15830;-0.03395;-0.20333;
5.91815;-0.39697;-10.37762;19.13860;-2.12913;-0.03262;-0.20399;
5.92597;-0.39338;-10.55006;19.08232;-2.07680;-0.02636;-0.20279;
5.93375;-0.38021;-10.63868;19.06256;-2.05097;-0.02170;-0.19720;
5.94154;-0.40835;-10.82190;19.02903;-2.01476;-0.01118;-0.19214;
5.94933;-0.39159;-10.82369;19.02364;-1.99984;-0.00732;-0.18801;
5.95713;-0.35147;-10.96979;19.04400;-1.96828;-0.00067;-0.17883;
5.96492;-0.37482;-11.05361;19.03861;-1.88693;0.00439;-0.17496;
5.97270;-0.37362;-11.25839;19.01047;-1.83407;0.00839;-0.17443;
5.98050;-0.35207;-11.29252;18.96137;-1.75697;0.01052;-0.17749;
5.98830;-0.40416;-11.37874;18.89012;-1.74685;0.00905;-0.18309;
5.99608;-0.37183;-11.49909;18.86976;-1.77787;0.00186;-0.18828;
6.00386;-0.37961;-11.56196;18.87874;-1.81329;0.00067;-0.18868;
6.01166;-0.35746;-11.64279;18.79432;-1.92621;-0.00652;-0.19161;
6.01948;-0.33051;-11.70266;18.80090;-1.99119;-0.00959;-0.19281;
6.02728;-0.33171;-11.90145;18.82905;-2.09744;-0.01385;-0.19174;
6.03507;-0.32512;-11.96252;18.76558;-2.14897;-0.01971;-0.18855;
6.04288;-0.29638;-12.15592;18.79671;-2.15830;-0.02370;-0.19347;
6.05069;-0.29159;-12.26010;18.80749;-2.15310;-0.03089;-0.20120;
6.05847;-0.31375;-12.43255;18.69013;-2.14365;-0.03302;-0.20452;
6.06628;-0.34728;-12.65229;18.73444;-2.11329;-0.03622;-0.20799;
6.07410;-0.36883;-12.74749;18.70271;-2.09638;-0.03462;-0.20559;
6.08190;-0.37123;-12.85946;18.55362;-2.08666;-0.02570;-0.20346;
6.08970;-0.29399;-12.93670;18.51709;-2.09638;-0.02210;-0.20333;
6.09750;-0.31554;-13.09357;18.45961;-2.10463;-0.01917;-0.20319;
6.10528;-0.73826;-12.89059;18.60990;-2.15071;-0.01132;-0.19654;
6.11308;-0.24130;-13.61090;18.01055;-2.17454;-0.00613;-0.19334;
6.12088;-0.18921;-13.47797;18.44644;-2.08692;-0.02144;-0.18295;
6.12871;-0.24309;-13.56479;18.21413;-2.04724;-0.01691;-0.18375;
6.13653;-0.25507;-13.73364;18.36741;-2.04432;-0.03715;-0.17989;
6.14434;-0.27183;-13.72526;18.27340;-2.02461;-0.03728;-0.18162;
6.15217;-0.31435;-13.84022;18.21832;-1.94991;-0.03489;-0.18855;
6.16000;-0.32872;-13.93123;18.19916;-1.89958;-0.03169;-0.18828;
6.16779;-0.27842;-13.98153;18.06623;-1.87122;-0.03182;-0.18468;
6.17561;-0.28141;-14.04440;18.04288;-1.76522;-0.03102;-0.18402;
6.18340;-0.25806;-14.15037;17.95726;-1.70424;-0.03249;-0.18602;
6.19121;-0.22453;-14.27432;17.94049;-1.58933;-0.03249;-0.18548;
6.19901;-0.23112;-14.34437;17.89379;-1.54499;-0.02983;-0.18548;
6.20681;-0.27124;-14.44855;17.84050;-1.50544;-0.02823;-0.19494;
6.21460;-0.28620;-14.48568;17.79919;-1.51503;-0.02743;-0.19361;
6.22241;-0.32153;-14.60483;17.77284;-1.57508;-0.02503;-0.18735;
6.23021;-0.32273;-14.62279;17.72434;-1.66443;-0.02503;-0.19201;
6.23803;-0.30536;-14.76170;17.70997;-1.71689;-0.02397;-0.19946;
6.24584;-0.25627;-14.86768;17.59441;-1.80743;-0.02184;-0.20346;
6.25364;-0.24070;-14.94971;17.53394;-1.84432;-0.01984;-0.20199;
6.26145;-0.27902;-15.07844;17.40461;-1.89345;-0.01678;-0.19787;
6.26926;-0.28022;-15.17245;17.46748;-1.90970;-0.01158;-0.19454;
6.27704;-0.25627;-15.21197;17.38724;-1.91595;-0.00080;-0.18189;
6.28486;-0.24788;-15.27783;17.31060;-1.86110;0.00879;-0.17856;
6.29266;-0.26285;-15.41195;17.26091;-1.82301;0.00972;-0.17643;
6.30045;-0.26465;-15.46404;17.28665;-1.76296;0.01731;-0.17337;
6.30825;-0.27483;-15.51673;17.17768;-1.74618;0.02224;-0.17217;
6.31606;-0.28141;-15.60834;17.10583;-1.74978;0.02983;-0.17217;
6.32384;-0.27782;-15.65864;17.09086;-1.76882;0.02969;-0.17523;
6.33163;-0.23411;-15.83168;16.99985;-1.79438;0.02610;-0.16591;
6.33942;-0.20777;-15.91431;16.90225;-1.79146;0.02383;-0.16125;
6.34722;-0.21795;-15.98436;16.77532;-1.76456;0.02077;-0.16112;
6.35503;-0.23351;-16.00532;16.74059;-1.72448;0.01345;-0.15579;
6.36282;-0.22334;-16.03106;16.60946;-1.69785;0.01292;-0.15686;
6.37060;-0.24489;-16.15022;16.53462;-1.65337;0.01651;-0.16498;
6.37839;-0.23711;-16.17057;16.54120;-1.65191;0.01984;-0.16990;
6.38618;-0.15807;-16.23764;16.43582;-1.69239;0.02490;-0.18309;
6.39397;-0.13771;-16.30290;16.38433;-1.72155;0.02783;-0.18668;
6.40178;-0.16586;-16.44121;16.25799;-1.78480;0.02730;-0.19733;
6.40958;-0.18921;-16.49151;16.25979;-1.85244;0.02357;-0.20333;
6.41737;-0.17963;-16.59869;16.24781;-1.87548;0.02197;-0.20160;
6.42519;-0.19400;-16.63102;16.16998;-1.89199;0.02051;-0.20546;
6.43296;-0.18621;-16.73760;16.16818;-1.89039;0.01838;-0.20426;
6.44076;-0.21136;-16.80765;16.06998;-1.84285;0.01465;-0.20439;
6.44855;-0.20358;-16.87710;15.99095;-1.79225;0.01611;-0.20666;
6.45634;-0.20298;-16.97770;15.91970;-1.68586;0.01944;-0.21132;
6.46412;-0.17184;-16.98668;15.82629;-1.66389;0.01638;-0.21211;
6.47191;-0.18561;-17.14654;15.61493;-1.66310;0.01079;-0.20945;
6.47972;-0.17304;-17.16990;15.54487;-1.66003;0.00985;-0.20452;
6.48749;-0.13951;-17.21360;15.47362;-1.65630;0.00826;-0.20346;
6.49528;-0.12514;-17.26989;15.36046;-1.65764;0.00360;-0.19667;
6.50308;-0.20358;-17.32797;15.33172;-1.66669;0.00040;-0.19414;
6.51086;-0.19220;-17.29144;15.30597;-1.70917;-0.00093;-0.18815;
6.51864;-0.21076;-17.34653;15.29998;-1.72062;-0.00133;-0.18402;
6.52643;-0.17005;-17.48125;15.14012;-1.68347;-0.00493;-0.17710;
6.53424;-0.12813;-17.49622;15.10599;-1.65377;-0.00692;-0.17550;
6.54202;-0.09820;-17.55490;15.09880;-1.62648;-0.00879;-0.18295;
6.54980;-0.11915;-17.59741;15.04012;-1.63913;-0.00586;-0.19054;
6.55757;-0.10538;-17.67884;14.86170;-1.65391;-0.00107;-0.19813;
6.56537;-0.10957;-17.71057;14.91738;-1.66523;0.01358;-0.20905;
6.57314;-0.08682;-17.78242;14.84074;-1.64339;0.01811;-0.21198;
6.58092;-0.11376;-17.88661;14.76470;-1.54086;0.02836;-0.21957;
6.58871;-0.09760;-17.87403;14.67129;-1.47442;0.03302;-0.22157;
6.59650;-0.14490;-17.96265;14.50663;-1.34392;0.03036;-0.21331;
6.60428;-0.15807;-17.95846;14.44855;-1.29918;0.03262;-0.20546;
6.61207;-0.17903;-17.94588;14.37730;-1.29599;0.03462;-0.19214;
6.61986;-0.18561;-17.97163;14.33479;-1.34113;0.03702;-0.18149;
6.62766;-0.17603;-18.06264;14.25576;-1.34526;0.03702;-0.17630;
6.63545;-0.17544;-18.09018;14.22282;-1.30864;0.03795;-0.17590;
6.64323;-0.20118;-18.11293;14.22342;-1.28507;0.03901;-0.17510;
6.65101;-0.11017;-18.18718;14.11026;-1.24086;0.03382;-0.17030;
6.65880;-0.09341;-18.16922;14.04440;-1.21423;0.03302;-0.17230;
6.66658;-0.08802;-18.20634;14.09110;-1.16443;0.03302;-0.17576;
6.67435;-0.07005;-18.22969;14.03242;-1.14086;0.03009;-0.17670;
6.68213;-0.08263;-18.24885;13.96596;-1.09359;0.03049;-0.18415;
6.68990;-0.05269;-18.23628;13.99530;-1.06044;0.03116;-0.19174;
6.69767;-0.06407;-18.23149;13.90369;-1.06150;0.03142;-0.19574;
6.70545;-0.11137;-18.29017;13.80789;-1.10784;0.03928;-0.20413;
6.71322;-0.11137;-18.36800;13.75460;-1.15285;0.04461;-0.21025;
6.72100;-0.11316;-18.42968;13.64443;-1.25604;0.04927;-0.21531;
6.72880;-0.08023;-18.42788;13.57737;-1.29319;0.04700;-0.21864;
6.73659;-0.08981;-18.43207;13.55342;-1.30478;0.03995;-0.22277;
6.74437;-0.09281;-18.43327;13.54024;-1.25298;0.02783;-0.21784;
6.75216;-0.09460;-18.39974;13.47498;-1.21610;0.02157;-0.21331;
6.75994;-0.10897;-18.40692;13.46720;-1.15618;0.01664;-0.21225;
6.76773;-0.09879;-18.50512;13.38517;-1.13913;0.01278;-0.21211;
6.77552;-0.10299;-18.56320;13.26961;-1.12941;0.00786;-0.20572;
6.78329;-0.12813;-18.55003;13.19057;-1.14100;0.00879;-0.20413;
6.79105;-0.16047;-18.57817;13.22171;-1.21117;0.00945;-0.20226;
6.79886;-0.13232;-18.54583;13.23368;-1.25857;0.00799;-0.19907;
6.80664;-0.10538;-18.61529;13.22410;-1.31676;0.00905;-0.19547;
6.81442;-0.12155;-18.69732;13.15824;-1.30464;0.00533;-0.19054;
6.82220;-0.07185;-18.73085;13.01873;-1.27801;0.00226;-0.18721;
6.82997;-0.09580;-18.73504;12.93251;-1.22608;0.00280;-0.18455;
6.83775;-0.08263;-18.66918;12.90437;-1.22955;0.00599;-0.18615;
6.84554;-0.04910;-18.71289;12.88461;-1.30598;0.00772;-0.18455;
6.85332;-0.04131;-18.67936;12.89538;-1.35245;0.00506;-0.18415;
6.86110;-0.03892;-18.80510;12.86066;-1.37974;0.00333;-0.18735;
6.86888;-0.05568;-18.85599;12.79839;-1.34819;0.00399;-0.18508;
6.87667;-0.04850;-18.89790;12.59421;-1.23567;-0.00107;-0.17603;
6.88448;-0.03353;-18.88353;12.56008;-1.14419;-0.00040;-0.17550;
6.89225;-0.06107;-18.90569;12.48823;-1.12355;0.00027;-0.17510;
6.90002;-0.07425;-18.91587;12.45650;-1.09346;-0.00080;-0.17417;
6.90780;-0.10179;-18.97035;12.26969;-1.07495;-0.00080;-0.17576;
6.91559;-0.09879;-19.02244;12.21161;-1.03794;0.00067;-0.17643;
6.92338;-0.04610;-19.01107;12.18766;-1.02888;0.00053;-0.17883;
6.93116;-0.03293;-19.00867;12.10263;-1.02116;-0.00067;-0.18242;
6.93894;-0.05030;-18.97754;12.08108;-1.02449;0.00027;-0.18602;
6.94671;-0.03173;-18.99730;12.12598;-1.06550;-0.00346;-0.18668;
6.95450;-0.04670;-18.99790;12.15832;-1.10651;-0.01145;-0.18269;
6.96231;-0.07245;-19.03562;12.13257;-1.11383;-0.01185;-0.18215;
6.97013;-0.05149;-19.07992;12.09665;-1.10505;-0.01824;-0.17257;
6.97793;-0.08562;-19.08052;12.00144;-1.09612;-0.01971;-0.17057;
6.98570;-0.01257;-19.06196;11.86612;-1.09919;-0.01971;-0.17217;
6.99351;-0.03413;-19.05597;11.83200;-1.11916;-0.02064;-0.17390;
7.00130;0.00060;-19.05238;11.80924;-1.19293;-0.02130;-0.18069;
7.00903;-0.02215;-19.07513;11.81403;-1.22901;-0.02237;-0.18468;
7.01681;-0.02694;-19.10687;11.80206;-1.26230;-0.02370;-0.18415;
7.02459;-0.02934;-19.14040;11.63980;-1.25178;-0.02077;-0.18748;
7.03238;-0.00898;-19.17692;11.57453;-1.25325;-0.01358;-0.19321;
7.04020;0.00539;-19.10627;11.42903;-1.29199;-0.01212;-0.20173;
7.04794;-0.03533;-19.09849;11.36856;-1.32768;-0.00972;-0.20466;
7.05574;-0.06826;-19.15896;11.40927;-1.41703;-0.01252;-0.19867;
7.06353;-0.06467;-19.19548;11.29372;-1.45471;-0.01638;-0.19321;
7.07135;-0.07365;-19.19608;11.22306;-1.51197;-0.02064;-0.17656;
7.07914;-0.05030;-19.16794;11.17337;-1.57122;-0.02796;-0.16658;
7.08696;-0.05748;-19.22183;11.14702;-1.58547;-0.03089;-0.16378;
7.09477;-0.06467;-19.23261;11.09134;-1.58919;-0.03342;-0.15446;
7.10257;-0.09820;-19.25117;10.97997;-1.58720;-0.03369;-0.15113;
7.11037;-0.05628;-19.35236;10.91231;-1.51663;-0.03462;-0.14234;
7.11820;-0.04850;-19.39188;10.82010;-1.43767;-0.03316;-0.14168;
7.12599;-0.05030;-19.38888;10.81890;-1.24606;-0.02503;-0.14247;
7.13378;-0.02335;-19.40984;10.71891;-1.15578;-0.02410;-0.14208;
7.14158;0.01078;-19.36613;10.55425;-1.01716;-0.01971;-0.14500;
7.14936;0.01018;-19.37331;10.61233;-0.96763;-0.01052;-0.14833;
7.15714;0.08023;-19.33380;10.53150;-0.96523;-0.01012;-0.15033;
7.16488;0.10718;-19.30566;10.51653;-0.94433;-0.00945;-0.15672;
7.17266;0.05808;-19.40924;10.45606;-0.91690;-0.00905;-0.15872;
7.18041;0.01796;-19.40625;10.39079;-0.85099;-0.01664;-0.15832;
7.18817;0.04670;-19.38170;10.37642;-0.82915;-0.01997;-0.15845;
7.19591;-0.00539;-19.33440;10.29619;-0.81783;-0.02144;-0.15885;
7.20371;-0.02096;-19.36733;10.24649;-0.82635;-0.02184;-0.16072;
7.21151;-0.05688;-19.35116;10.25128;-0.85312;-0.01944;-0.16125;
7.21932;-0.01377;-19.33559;10.32014;-0.87602;-0.01305;-0.16338;
7.22711;0.00838;-19.41583;10.23033;-0.85751;-0.01438;-0.16258;
7.23488;0.00299;-19.44217;10.18183;-0.77509;-0.01664;-0.16285;
7.24264;0.01198;-19.36972;10.22374;-0.74393;-0.01278;-0.16631;
7.25040;0.00240;-19.34218;10.21596;-0.72755;-0.00493;-0.17377;
7.25818;-0.00838;-19.34577;10.14411;-0.72462;-0.00586;-0.17590;
7.26596;-0.11017;-19.44876;10.18901;-0.70359;-0.00493;-0.17803;
7.27375;-0.12454;-19.47450;10.21296;-0.68095;-0.00306;-0.17403;
7.28152;-0.12095;-19.43259;9.99502;-0.64247;0.00453;-0.16724;
7.28927;-0.11915;-19.41523;10.00040;-0.67176;0.01185;-0.16658;
7.29706;-0.03892;-19.37092;9.98723;-0.70851;0.01664;-0.16791;
7.30479;-0.01078;-19.37212;9.96987;-0.79453;0.02583;-0.17150;
7.31252;-0.03233;-19.39128;9.94053;-0.83874;0.02703;-0.16831;
7.32028;-0.00120;-19.37451;10.01477;-0.88627;0.02064;-0.16018;
7.32804;-0.01976;-19.42481;9.99262;-0.87362;0.01371;-0.15419;
7.33578;-0.06347;-19.49247;10.02016;-0.79027;0.00306;-0.13955;
7.34356;-0.06227;-19.44636;10.00040;-0.74207;-0.00240;-0.13355;
7.35135;0.01317;-19.39008;9.98544;-0.67483;-0.00692;-0.12823;
7.35908;0.01377;-19.41882;9.91658;-0.64673;-0.00386;-0.13449;
7.36681;0.02335;-19.44636;9.73037;-0.64819;-0.00093;-0.14114;
7.37453;0.04371;-19.42301;9.68726;-0.68907;0.01238;-0.15646;
7.38222;0.00958;-19.42181;9.76390;-0.72050;0.01917;-0.16445;
7.38994;-0.02096;-19.39427;9.75851;-0.75126;0.02690;-0.17749;
7.39767;-0.04491;-19.39367;9.72977;-0.74952;0.03023;-0.17949;
7.40541;-0.04371;-19.40804;9.75791;-0.73634;0.03142;-0.17683;
7.41314;-0.03593;-19.41104;9.73635;-0.72303;0.03036;-0.17443;
7.42088;-0.00898;-19.41463;9.81239;-0.65538;0.02117;-0.16804;
7.42862;-0.03832;-19.43678;9.79683;-0.60359;0.01997;-0.16844;
7.43638;-0.03652;-19.43738;9.68965;-0.50905;0.01358;-0.16764;
7.44412;-0.06167;-19.42660;9.68426;-0.49627;0.00706;-0.16831;
7.45184;-0.10179;-19.49486;9.67827;-0.52063;0.00692;-0.16857;
7.45958;-0.11137;-19.50145;9.68905;-0.57256;0.01371;-0.16578;
7.46733;-0.07904;-19.45115;9.67708;-0.59134;0.01731;-0.16737;
7.47507;-0.06047;-19.46912;9.65073;-0.60798;0.02437;-0.16418;
7.48280;-0.03114;-19.44936;9.68306;-0.59999;0.02823;-0.16311;
7.49054;-0.00120;-19.41882;9.66390;-0.55206;0.03329;-0.16604;
7.49825;0.01018;-19.42541;9.70103;-0.52463;0.03648;-0.16724;
7.50597;-0.04970;-19.43559;9.60283;-0.46298;0.03688;-0.16618;
7.51370;-0.07125;-19.41822;9.54595;-0.43621;0.03662;-0.16192;
7.52144;-0.10059;-19.40864;9.61361;-0.42689;0.03542;-0.15712;
7.52918;-0.09041;-19.41642;9.62558;-0.46178;0.03209;-0.15552;
7.53691;0.00838;-19.43499;9.65432;-0.47163;0.02996;-0.15739;
7.54462;0.05808;-19.42361;9.65911;-0.44726;0.02730;-0.16311;
7.55233;0.02754;-19.37152;9.71899;-0.42263;0.02250;-0.16311;
7.56004;0.01856;-19.41044;9.68426;-0.37763;0.00120;-0.15433;
7.56775;0.02515;-19.48229;9.49086;-0.36498;-0.00120;-0.15699;
7.57545;-0.04610;-19.43798;9.63936;-0.34673;0.01198;-0.16897;
7.58319;-0.09041;-19.43259;9.75492;-0.34713;0.00652;-0.17017;
7.59094;-0.07604;-19.44157;9.54415;-0.37057;0.00107;-0.16737;
7.59866;-0.06167;-19.41223;9.78964;-0.38615;0.00266;-0.16791;
7.60641;-0.07305;-19.42481;9.65492;-0.41384;-0.00919;-0.17057;
7.61416;-0.05269;-19.40924;9.62738;-0.43528;-0.00839;-0.17243;
7.62191;-0.06886;-19.38529;9.67528;-0.46950;-0.00546;-0.17230;
7.62966;-0.05988;-19.38529;9.74234;-0.55898;-0.00439;-0.17550;
7.63742;-0.03712;-19.43020;9.81778;-0.58827;-0.00346;-0.17590;
7.64516;-0.02036;-19.42720;9.74653;-0.59813;0.00373;-0.18442;
7.65290;-0.02874;-19.40325;9.74114;-0.59533;0.00719;-0.18855;
7.66064;-0.02335;-19.43678;9.72438;-0.61384;0.01185;-0.19654;
7.66838;-0.09760;-19.43918;9.74354;-0.62702;0.01238;-0.19294;
7.67611;-0.10358;-19.38349;9.67887;-0.63901;0.01545;-0.18176;
7.68385;-0.07544;-19.38529;9.61301;-0.62210;0.01638;-0.17749;
7.69158;-0.05209;-19.40505;9.51302;-0.61730;0.01997;-0.17616;
7.69930;-0.08203;-19.42541;9.48428;-0.62396;0.02423;-0.17350;
7.70704;-0.12394;-19.43259;9.50224;-0.62955;0.02423;-0.17017;
7.71477;-0.10059;-19.45894;9.53577;-0.62542;0.02477;-0.16791;
7.72251;-0.08023;-19.43020;9.53577;-0.62210;0.02530;-0.16751;
7.73025;-0.04670;-19.45534;9.55972;-0.63541;0.02783;-0.16831;
7.73798;-0.01078;-19.45415;9.55313;-0.65112;0.02570;-0.16937;
7.74572;0.01856;-19.45355;9.56990;-0.66484;0.02064;-0.16990;
7.75342;0.01377;-19.48229;9.51721;-0.65299;0.01838;-0.17190;
7.76112;-0.02575;-19.45654;9.48548;-0.60532;0.01518;-0.16671;
7.76886;-0.01617;-19.46612;9.44117;-0.57563;0.01411;-0.16178;
7.77661;-0.05089;-19.43738;9.57768;-0.56724;0.01571;-0.15726;
7.78434;-0.04311;-19.46912;9.56331;-0.54513;0.01944;-0.15579;
7.79209;-0.06227;-19.44157;9.46811;-0.53515;0.02290;-0.15739;
7.79985;-0.07544;-19.42181;9.43578;-0.54567;0.03236;-0.16112;
7.80760;-0.06646;-19.40505;9.43518;-0.56164;0.03515;-0.16138;
7.81534;-0.00778;-19.39367;9.48488;-0.57869;0.03289;-0.16271;
7.82307;-0.01916;-19.38469;9.47350;-0.57336;0.02916;-0.16378;
7.83081;-0.00120;-19.34817;9.49685;-0.55379;0.01585;-0.16564;
7.83853;0.03173;-19.33380;9.49206;-0.54793;0.01025;-0.16618;
7.84624;0.00120;-19.37272;9.40644;-0.54860;0.00240;-0.16804;
7.85392;-0.02754;-19.38469;9.39866;-0.56085;0.00120;-0.17030;
7.86165;-0.05509;-19.41822;9.36692;-0.57096;0.00120;-0.17030;
7.86936;-0.07245;-19.43379;9.35375;-0.58042;0.00067;-0.17310;
7.87710;-0.09760;-19.49546;9.30166;-0.57696;0.00266;-0.17390;
7.88482;-0.09580;-19.49067;9.32321;-0.56311;0.00293;-0.17270;
7.89255;-0.07784;-19.50325;9.35135;-0.55259;0.00266;-0.17337;
7.90030;-0.02395;-19.49546;9.35854;-0.52769;0.00266;-0.17803;
7.90802;-0.03712;-19.46971;9.34716;-0.51304;0.00280;-0.17816;
7.91574;-0.06347;-19.43499;9.37530;-0.51105;0.00546;-0.17430;
7.92348;-0.03772;-19.40385;9.35135;-0.52623;0.00826;-0.17363;
7.93122;-0.01557;-19.44516;9.44596;-0.56977;0.01558;-0.17297;
7.93895;-0.01856;-19.44876;9.40165;-0.58521;0.01385;-0.17363;
7.94669;-0.03832;-19.41583;9.40404;-0.58228;0.01491;-0.17443;
7.95442;-0.03173;-19.40265;9.39626;-0.56591;0.01971;-0.17949;
7.96216;-0.03952;-19.40684;9.35974;-0.55539;0.02210;-0.18122;
7.96990;-0.07844;-19.42361;9.27831;-0.54061;0.03262;-0.18575;
7.97764;-0.06107;-19.41642;9.28070;-0.53568;0.04048;-0.18575;
7.98537;-0.02694;-19.43319;9.27052;-0.53914;0.04647;-0.18908;
7.99311;0.00299;-19.40684;9.26932;-0.54127;0.04514;-0.19014;
8.00080;-0.02874;-19.44457;9.31423;-0.52969;0.03822;-0.19201;
8.00852;-0.04790;-19.45175;9.28429;-0.49826;0.02916;-0.19347;
8.01624;-0.06706;-19.45415;9.25735;-0.48748;0.02517;-0.19281;
8.02397;-0.09161;-19.45534;9.26573;-0.49560;0.01744;-0.19014;
8.03171;-0.06467;-19.42301;9.25316;-0.50452;0.01478;-0.18682;
8.03945;-0.09101;-19.42601;9.29507;-0.50625;0.00692;-0.17696;
8.04716;-0.05389;-19.44097;9.21604;-0.49946;0.00559;-0.17057;
8.05489;-0.00719;-19.43559;9.21005;-0.50346;0.00320;-0.16631;
8.06261;-0.03593;-19.44516;9.22621;-0.51424;0.00546;-0.16325;
8.07036;-0.01497;-19.48648;9.27591;-0.53009;0.01118;-0.16192;
8.07809;-0.00359;-19.49785;9.22861;-0.51957;0.01252;-0.16285;
8.08581;-0.01018;-19.47331;9.14838;-0.46218;0.01158;-0.16271;
8.09354;-0.02156;-19.46133;9.21424;-0.43781;0.00812;-0.16418;
8.10130;-0.00180;-19.41044;9.24957;-0.45299;0.00772;-0.16804;
8.10902;-0.01018;-19.42361;9.30405;-0.48242;0.00559;-0.17350;
8.11674;-0.02455;-19.42541;9.30046;-0.48322;0.00493;-0.17204;
8.12448;-0.02934;-19.42421;9.32740;-0.45272;0.00120;-0.16937;
8.13222;-0.03832;-19.44337;9.29747;-0.43595;0.00133;-0.16990;
8.13996;-0.03832;-19.39906;9.26932;-0.41917;-0.00333;-0.16524;
8.14772;-0.06946;-19.39307;9.24597;-0.42170;-0.00573;-0.16618;
8.15548;-0.07604;-19.40146;9.27471;-0.44434;-0.00879;-0.16538;
8.16324;-0.06047;-19.40445;9.28789;-0.46204;-0.00959;-0.16658;
8.17099;-0.05688;-19.42421;9.30525;-0.48282;-0.00879;-0.16658;
8.17876;-0.06886;-19.44337;9.28010;-0.48921;0.00053;-0.16924;
8.18649;-0.08143;-19.42900;9.26992;-0.49413;0.00439;-0.17044;
8.19422;-0.06407;-19.43499;9.25136;-0.49786;0.01198;-0.17057;
8.20196;-0.04730;-19.43918;9.29687;-0.49121;0.01172;-0.17070;
8.20969;-0.08802;-19.42301;9.29806;-0.45832;0.01891;-0.16924;
8.21741;-0.11017;-19.41642;9.29567;-0.44127;0.02304;-0.16698;
8.22517;-0.09161;-19.40146;9.20645;-0.43874;0.03422;-0.16258;
8.23290;-0.08023;-19.38469;9.22382;-0.44886;0.03502;-0.15885;
8.24063;-0.05389;-19.47690;9.16933;-0.46724;0.03102;-0.15512;
8.24837;-0.02694;-19.48468;9.09389;-0.45552;0.03316;-0.15792;
8.25611;-0.01317;-19.42481;9.26633;-0.44354;0.03036;-0.16005;
8.26385;0.00359;-19.43738;9.26992;-0.42849;0.02304;-0.16205;
8.27156;0.01138;-19.44696;9.25016;-0.42569;0.02290;-0.16498;
8.27925;-0.03293;-19.44217;9.26693;-0.43501;0.01784;-0.16777;
8.28700;-0.06227;-19.46013;9.24358;-0.43928;0.01877;-0.16684;
8.29472;-0.06467;-19.45714;9.31603;-0.43581;0.02011;-0.16484;
8.30246;-0.08323;-19.45055;9.30764;-0.43129;0.01798;-0.16405;
8.31019;-0.04910;-19.39247;9.35016;-0.43155;0.01065;-0.16471;
8.31793;-0.02156;-19.40804;9.39027;-0.43528;0.00573;-0.16498;
8.32566;-0.00719;-19.39786;9.35435;-0.43635;0.00093;-0.16764;
8.33340;-0.03832;-19.43020;9.37710;-0.43382;-0.00266;-0.17030;
8.34114;-0.11676;-19.44816;9.22621;-0.43142;-0.00506;-0.16990;
8.34891;-0.08383;-19.43139;9.20705;-0.44380;-0.00306;-0.16564;
8.35665;-0.06586;-19.41104;9.22502;-0.46671;0.00173;-0.16538;
8.36439;-0.03114;-19.40804;9.23999;-0.51517;0.01039;-0.17164;
8.37213;-0.01257;-19.41583;9.24058;-0.53062;0.01132;-0.17124;
8.37987;-0.01198;-19.40744;9.34537;-0.52569;0.01185;-0.17496;
8.38762;-0.03293;-19.38529;9.29028;-0.50918;0.01225;-0.17470;
8.39534;-0.06646;-19.39367;9.29208;-0.49813;0.01145;-0.17044;
8.40308;-0.08981;-19.40385;9.27352;-0.50639;0.01292;-0.16817;
8.41081;-0.03353;-19.40744;9.34656;-0.53182;0.01332;-0.16445;
8.41854;-0.04970;-19.42002;9.27651;-0.53129;0.01145;-0.16538;
8.42628;-0.03473;-19.43020;9.21903;-0.53248;0.00999;-0.16817;
8.43401;-0.02694;-19.43020;9.21244;-0.55752;0.00892;-0.17430;
8.44174;-0.04371;-19.44277;9.26573;-0.56883;0.01132;-0.17896;
8.44949;-0.06467;-19.42660;9.20645;-0.55645;0.01358;-0.18082;
8.45723;-0.07305;-19.44217;9.20406;-0.53195;0.01425;-0.18082;
8.46496;-0.04850;-19.43379;9.21783;-0.47949;0.00932;-0.18402;
8.47270;-0.04850;-19.42840;9.22801;-0.46151;0.01265;-0.18575;
8.48042;-0.08442;-19.47690;9.15855;-0.44806;0.01531;-0.18522;
8.48814;-0.10538;-19.48109;9.14418;-0.45579;0.01691;-0.18189;
8.49588;-0.04670;-19.47391;9.26453;-0.48015;0.01478;-0.17976;
8.50360;-0.05688;-19.48888;9.28549;-0.49786;0.01305;-0.17710;
8.51133;-0.04551;-19.44576;9.19089;-0.50532;0.01252;-0.17510;
8.51907;-0.03652;-19.44816;9.21424;-0.52529;0.00879;-0.16977;
8.52682;-0.05688;-19.39727;9.20765;-0.53461;0.00892;-0.16844;
8.53456;-0.08802;-19.40265;9.26992;-0.55139;-0.00013;-0.16231;
8.54231;-0.07425;-19.39307;9.24238;-0.54447;-0.00013;-0.15912;
8.55007;-0.09760;-19.45774;9.19089;-0.49893;0.00000;-0.15739;
8.55774;-0.09341;-19.48648;9.15616;-0.47869;0.00133;-0.15792;
8.56549;-0.08263;-19.46852;9.12203;-0.46111;0.00706;-0.15912;
8.57322;-0.07305;-19.48289;9.16993;-0.46378;0.01798;-0.16458;
8.58096;-0.04790;-19.43259;9.21963;-0.46058;0.02144;-0.16777;
8.58869;-0.02455;-19.41164;9.23579;-0.44647;0.02144;-0.16951;
8.59644;-0.04910;-19.39068;9.23340;-0.43994;0.01904;-0.16804;
8.60417;-0.07185;-19.43618;9.21484;-0.43222;0.01105;-0.15859;
8.61193;-0.07305;-19.40325;9.26573;-0.42876;0.01052;-0.15406;
8.61966;-0.06706;-19.38948;9.21304;-0.41358;0.00639;-0.14634;
8.62738;-0.09101;-19.36493;9.25495;-0.40719;0.00253;-0.14687;
8.63512;-0.05449;-19.43798;9.19628;-0.42756;-0.00679;-0.14833;
8.64288;-0.04191;-19.43559;9.20945;-0.45006;-0.00866;-0.15353;
8.65064;-0.01437;-19.45714;9.31004;-0.49334;-0.00413;-0.16911;
8.65840;-0.03293;-19.44996;9.23520;-0.49973;-0.00027;-0.18109;
8.66616;-0.01138;-19.42960;9.23639;-0.49600;0.00133;-0.18335;
8.67390;-0.00778;-19.40625;9.25675;-0.49813;0.00426;-0.18788;
8.68161;-0.01257;-19.39966;9.26334;-0.49746;0.00945;-0.18974;
8.68935;-0.07963;-19.40146;9.21484;-0.49999;0.02011;-0.18974;
8.69708;-0.07305;-19.43139;9.20586;-0.50705;0.02184;-0.18841;
8.70480;-0.06586;-19.43259;9.21723;-0.50505;0.02530;-0.18575;
8.71252;-0.05868;-19.44217;9.20346;-0.49600;0.02823;-0.18362;
8.72024;-0.11436;-19.45415;9.11844;-0.46511;0.03249;-0.18442;
8.72799;-0.10837;-19.46852;9.10886;-0.46005;0.03276;-0.18229;
8.73572;-0.04850;-19.45654;9.18909;-0.47310;0.02863;-0.18295;
8.74345;-0.07305;-19.46373;9.23879;-0.47656;0.02264;-0.18082;
8.75119;-0.08921;-19.46193;9.18550;-0.47030;0.01758;-0.17803;
8.75892;-0.07963;-19.43139;9.16514;-0.46671;0.01172;-0.17270;
8.76666;-0.06107;-19.40445;9.17233;-0.47856;0.01092;-0.17110;
8.77440;-0.03533;-19.43379;9.19867;-0.50439;0.01238;-0.17297;
8.78213;-0.03772;-19.43918;9.16155;-0.50545;0.01278;-0.17230;
8.78987;-0.06706;-19.45415;9.21244;-0.48335;0.01638;-0.17004;
8.79760;-0.04311;-19.43738;9.20466;-0.47177;0.01984;-0.16897;
8.80533;-0.02934;-19.40924;9.25196;-0.46737;0.02064;-0.16751;
8.81306;-0.01317;-19.40984;9.22262;-0.48468;0.01971;-0.16817;
8.82081;-0.02455;-19.36254;9.21723;-0.49507;0.01731;-0.16724;
8.82855;-0.01018;-19.37691;9.22023;-0.50439;0.01771;-0.17124;
8.83628;-0.04730;-19.37810;9.28010;-0.50332;0.01944;-0.17257;
8.84400;-0.03593;-19.37092;9.31782;-0.48641;0.02011;-0.17390;
8.85172;-0.07724;-19.41164;9.34597;-0.46857;0.01917;-0.17630;
8.85947;-0.06946;-19.47211;9.20286;-0.41544;0.02330;-0.18069;
8.86721;-0.08802;-19.49307;9.16634;-0.39320;0.02743;-0.18442;
8.87493;-0.04191;-19.46971;9.16215;-0.38788;0.03608;-0.19441;
8.88269;-0.02156;-19.44696;9.18251;-0.40292;0.03768;-0.20133;
8.89044;-0.03293;-19.43139;9.20885;-0.43967;0.04048;-0.21145;
8.89818;-0.02934;-19.44337;9.17233;-0.46524;0.03449;-0.21345;
8.90593;-0.06107;-19.42960;9.16394;-0.47616;0.02796;-0.20892;
8.91365;-0.06287;-19.42900;9.17712;-0.50678;0.01664;-0.19946;
8.92138;-0.00359;-19.37870;9.13341;-0.52117;0.01332;-0.19614;
8.92912;-0.06646;-19.34158;9.40404;-0.53075;-0.00226;-0.18455;
8.93688;-0.10299;-19.47929;9.19209;-0.52849;-0.01624;-0.17816;
8.94466;-0.11077;-19.62000;8.68494;-0.51824;-0.00919;-0.18189;
8.95241;-0.04491;-19.62000;8.88732;-0.51171;0.01411;-0.19028;
8.96013;-0.01736;-19.48229;9.25256;-0.49813;0.03502;-0.19747;