4.19067;-0.12274;0.19460;9.68007;0.03382;-0.01518;-0.05553;
4.19831;0.54666;0.40655;9.76449;0.03768;-0.01877;0.02264;
4.20590;0.25806;0.42571;9.68546;0.02770;0.00599;0.00200;
4.21342;0.11795;0.37362;9.87886;0.02304;0.01678;-0.08748;
4.22102;0.02096;0.45386;9.90999;0.02170;0.01891;-0.08056;
4.22859;-0.04551;0.18681;9.85311;-0.00067;0.00866;-0.05073;
4.23621;0.15508;0.08742;9.81719;0.00240;0.00013;-0.04860;
4.24378;0.13412;0.08622;9.80701;0.01704;0.00905;-0.04314;
4.25138;0.17244;0.09161;9.76928;0.03742;0.01345;-0.07084;
4.25897;0.12753;0.24968;9.83575;0.04301;0.02224;-0.07896;
4.26657;-0.03413;0.32692;9.84712;0.03502;0.02130;-0.05339;
4.27420;-0.14550;0.45446;9.84293;0.03009;0.01212;-0.04594;
4.28181;-0.07425;0.47302;9.84892;0.00999;-0.00200;-0.03355;
4.28942;0.04371;0.29698;9.80880;0.00226;-0.00613;-0.02676;
4.29703;0.09221;0.27303;9.77767;0.00013;-0.00839;-0.02037;
4.30462;0.19220;0.24010;9.83395;-0.00107;-0.00413;-0.01997;
4.31223;0.16286;0.22813;9.82916;-0.00173;0.00439;-0.02383;
4.31985;0.15448;0.26585;9.85551;-0.00093;0.00692;-0.02543;
4.32745;0.05329;0.27543;9.85251;-0.00453;0.01651;-0.03702;
4.33505;0.04730;0.22872;9.84054;-0.00599;0.01558;-0.04221;
4.34264;0.07604;0.22633;9.81479;0.00027;0.01212;-0.04194;
4.35024;0.06107;0.22274;9.80162;0.00213;0.01225;-0.03915;
4.35782;-0.00240;0.20657;9.78904;0.00905;0.00493;-0.03409;
4.36541;-0.02694;0.19340;9.78665;0.01105;0.00120;-0.03316;
4.37302;-0.06526;0.24130;9.89143;0.01545;-0.00679;-0.02237;
4.38064;-0.04311;0.28620;9.88245;0.01585;-0.00999;-0.01305;
4.38828;-0.00299;0.29519;9.82018;0.00932;-0.01624;-0.01079;
4.39590;0.00898;0.21435;9.80341;0.00639;-0.01838;-0.01411;
4.40349;0.04910;0.26645;9.80042;0.01265;-0.02077;-0.02796;
4.41107;0.05509;0.32213;9.81180;0.01465;-0.02011;-0.03435;
4.41869;-0.05748;0.31914;9.84772;0.00879;-0.01864;-0.04993;
4.42632;-0.04311;0.30776;9.85551;0.00533;-0.03276;-0.05260;
4.43395;0.05149;0.27543;9.84952;0.00293;-0.03595;-0.04900;
4.44155;0.11376;0.20597;9.82078;0.00826;-0.03861;-0.03409;
4.44916;0.21256;0.17424;9.80222;0.01252;-0.03489;-0.02903;
4.45677;0.21615;0.23112;9.80581;0.01611;-0.02423;-0.02557;
4.46441;0.19879;0.24429;9.80641;0.01358;-0.01957;-0.02503;
4.47203;0.22932;0.18322;9.83694;0.01305;-0.00573;-0.02224;
4.47964;0.29698;0.17963;9.80521;0.01585;0.00226;-0.01944;
4.48726;0.30057;0.24070;9.81479;0.01744;0.02423;-0.01278;
4.49484;0.26764;0.24369;9.81359;0.01864;0.03276;-0.01012;
4.50242;0.13951;0.25627;9.85670;0.01411;0.04434;-0.00786;
4.51000;0.11795;0.22274;9.87347;0.01225;0.04754;-0.00266;
4.51758;0.05509;0.22034;9.81719;0.01758;0.04620;0.00786;
4.52515;0.05209;0.24968;9.83395;0.02224;0.04048;0.01172;
4.53272;0.03652;0.29099;9.81778;0.02610;0.03316;0.01571;
4.54028;0.01617;0.29399;9.82617;0.02623;0.02836;0.01611;
4.54786;-0.04131;0.30596;9.82138;0.02370;0.02184;0.01052;
4.55544;-0.03952;0.30417;9.83036;0.02104;0.01758;0.00852;
4.56304;-0.05748;0.29099;9.84233;0.01598;0.01664;0.00573;
4.57062;-0.09101;0.27662;9.84892;0.01332;0.01451;-0.00013;
4.57822;-0.04191;0.23351;9.82736;0.00985;0.00706;-0.00599;
4.58581;-0.01617;0.20178;9.80820;0.00839;0.00426;-0.00306;
4.59340;0.02215;0.16765;9.82976;0.01411;-0.00027;-0.00852;
4.60100;-0.00778;0.22513;9.81958;0.01651;-0.00293;-0.01052;
4.60861;-0.01976;0.22154;9.83754;0.02397;-0.01824;-0.00280;
4.61625;0.02874;0.22633;9.80701;0.03023;-0.03289;0.00226;
4.62383;0.10598;0.35147;9.82976;0.03129;-0.03742;0.00160;
4.63140;0.14550;0.37302;9.84353;0.02543;-0.03861;0.00985;
4.63898;0.11736;0.33411;9.81180;0.02144;-0.04008;0.01292;
4.64656;0.17065;0.33411;9.83215;0.01624;-0.03262;0.01158;
4.65417;0.14011;0.32632;9.85191;0.01145;-0.02597;0.01172;
4.66178;0.07604;0.28082;9.83814;0.00280;-0.01758;0.00599;
4.66934;0.05329;0.18142;9.85131;0.00466;-0.01611;0.00772;
4.67694;0.05449;0.21196;9.82198;0.01065;-0.01451;0.01718;
4.68454;0.08323;0.29578;9.80581;0.01252;-0.01438;0.01784;
4.69212;-0.04431;0.35985;9.82736;0.01025;-0.01465;0.00905;
4.69973;-0.08981;0.36045;9.82317;0.00866;-0.01718;0.00439;
4.70735;-0.06946;0.26944;9.84114;-0.00160;-0.02663;0.00253;
4.71497;0.03952;0.18801;9.83814;-0.00666;-0.03049;0.00333;
4.72256;0.16226;0.19160;9.82257;-0.00306;-0.02796;-0.00613;
4.73018;0.17723;0.18502;9.80701;-0.00253;-0.02250;-0.01531;
4.73782;0.08383;0.17005;9.80282;0.00293;-0.00679;-0.03835;
4.74543;0.07305;0.19460;9.78605;0.00453;-0.00280;-0.04301;
4.75302;0.11436;0.29459;9.79383;0.00013;0.00186;-0.04527;
4.76061;0.08921;0.29638;9.78845;-0.00253;0.00399;-0.04581;
4.76822;0.01257;0.31495;9.82497;-0.00732;0.00320;-0.05366;
4.77582;-0.01317;0.31794;9.81599;-0.00799;-0.00093;-0.05486;
4.78346;0.01557;0.30297;9.83455;-0.00719;-0.01558;-0.05246;
4.79109;0.07065;0.26285;9.83994;-0.00759;-0.02237;-0.04581;
4.79873;0.23711;0.17663;9.82377;-0.00732;-0.02184;-0.04394;
4.80638;0.29519;0.19100;9.85191;0.00093;-0.00959;-0.04847;
4.81398;0.23890;0.17963;9.84353;0.00053;-0.00133;-0.04714;
4.82158;0.17963;0.20717;9.85670;0.00692;0.00772;-0.02823;
4.82918;0.18681;0.33111;9.84832;0.00546;0.01132;-0.01651;
4.83677;0.19220;0.35027;9.81419;-0.00679;0.02317;-0.00213;
4.84436;0.15687;0.33171;9.78785;-0.01398;0.02597;0.00333;
4.85196;0.21855;0.24130;9.77108;-0.01664;0.03662;0.01052;
4.85955;0.22453;0.30536;9.77946;-0.01292;0.04061;0.00812;
4.86714;0.20238;0.32932;9.85610;-0.01704;0.04993;-0.00746;
4.87474;0.16705;0.32453;9.82198;-0.01877;0.05286;-0.02237;
4.88237;0.06706;0.46523;9.89622;-0.02490;0.05952;-0.12210;
4.88996;0.07305;0.35806;9.93933;-0.03688;0.05792;-0.12929;
4.89757;0.05209;0.34907;9.87347;-0.04367;0.05806;-0.14234;
4.90518;0.08562;0.24309;9.85311;-0.05073;0.06072;-0.16298;
4.91279;-0.04251;0.14969;9.77408;-0.04807;0.06391;-0.15193;
4.92044;-0.08622;0.30057;9.81000;-0.04128;0.05925;-0.14008;
4.92806;-0.34668;0.28381;9.79383;-0.05326;0.05073;-0.14700;
4.93570;-0.45086;0.31914;9.79683;-0.05313;0.03236;-0.15592;
4.94333;-0.28740;0.08562;9.83934;-0.06684;-0.00466;-0.13622;
4.95098;-0.23351;-0.06107;9.81239;-0.05100;-0.03462;-0.08908;
4.95866;-0.01856;-0.17783;9.79503;-0.03675;-0.04354;-0.08682;
4.96636;0.09999;-0.22274;9.75911;-0.01092;-0.03928;-0.07204;
4.97403;-0.01317;-0.11676;9.82078;0.00133;-0.03435;-0.05553;
4.98168;-0.04072;-0.04730;9.88185;0.01371;-0.03648;-0.02157;
4.98935;0.00120;0.01856;9.86269;0.01744;-0.03449;-0.01505;
4.99694;0.08562;0.05149;9.81719;0.02277;-0.03276;-0.01718;
5.00456;0.20298;0.06287;9.78785;0.02570;-0.03142;-0.01052;
5.01216;0.23052;0.19040;9.80641;0.02943;-0.01651;-0.00985;
5.01977;0.20597;0.25327;9.83814;0.03102;-0.00852;-0.02184;
5.02737;0.05868;0.37302;9.84772;0.02770;-0.00266;-0.03049;
5.03498;-0.00778;0.38560;9.83455;0.02170;-0.00346;-0.02636;
5.04260;0.10778;0.24429;9.84712;0.00866;-0.01318;-0.01598;
5.05020;0.16166;0.18981;9.81299;0.00786;-0.01518;-0.01411;
5.05781;0.25208;0.11915;9.80940;0.01172;-0.00839;-0.01065;
5.06539;0.26405;0.11975;9.80880;0.01611;-0.00027;-0.01252;
5.07298;0.13053;0.18082;9.82317;0.02330;0.01438;-0.02224;
5.08057;0.06946;0.22274;9.83156;0.02410;0.01771;-0.02264;
5.08816;0.03712;0.26704;9.82018;0.01824;0.01704;-0.01265;
5.09575;0.05509;0.27782;9.81419;0.01518;0.01558;-0.01012;
5.10332;0.04371;0.25507;9.78306;0.01198;0.01172;-0.00320;
5.11090;0.03533;0.20418;9.77108;0.01105;0.00493;-0.00173;
5.11847;0.04431;0.10957;9.82736;0.01332;0.00146;-0.00040;
5.12604;0.05748;0.11855;9.84413;0.02037;-0.00226;0.00586;
5.13362;0.08682;0.14969;9.85012;0.02304;-0.00253;0.00879;
5.14120;0.07305;0.15747;9.86628;0.02796;-0.00120;0.00746;
5.14878;0.02694;0.10358;9.85191;0.03276;-0.00173;0.00972;
5.15636;0.04551;0.11855;9.82198;0.03449;-0.00067;0.00439;
5.16394;0.04610;0.21675;9.80162;0.03608;0.00053;0.00053;
5.17149;0.00539;0.24968;9.81719;0.03262;0.00160;-0.00652;
5.17906;-0.03353;0.33530;9.81419;0.03129;-0.00200;-0.00812;
5.18668;-0.07544;0.30057;9.79323;0.02130;-0.01052;-0.00226;
5.19430;-0.08981;0.23651;9.82078;0.02037;-0.01864;0.00040;
5.20190;0.02335;0.11855;9.85910;0.01917;-0.03302;0.00493;
5.20948;0.06347;0.10897;9.80222;0.02130;-0.03475;0.00599;
5.21704;0.10778;0.20118;9.81060;0.03395;-0.03209;0.00772;
5.22461;0.09400;0.28201;9.82796;0.03542;-0.03063;0.00506;
5.23217;0.04730;0.30656;9.81778;0.02810;-0.02836;0.00027;
5.23975;0.04850;0.34369;9.80880;0.02583;-0.02929;-0.00013;
5.24735;0.10179;0.28501;9.82796;0.01079;-0.03102;0.00226;
5.25493;0.12694;0.21974;9.82317;0.00666;-0.02703;0.00639;
5.26251;0.19340;0.11855;9.81659;0.01025;-0.02104;0.00706;
5.27008;0.16825;0.11077;9.82078;0.01358;-0.01505;0.00626;
5.27766;0.13532;0.13412;9.84652;0.01678;-0.00692;0.00253;
5.28524;0.12634;0.10358;9.82736;0.01624;-0.00373;0.00266;
5.29282;0.07305;0.14849;9.86089;0.02170;0.00293;0.00173;
5.30036;0.08263;0.16466;9.83934;0.02224;0.00399;-0.00146;
5.30795;0.03712;0.17903;9.79443;0.02170;0.00466;-0.00360;
5.31553;0.02156;0.18981;9.80761;0.02264;0.00266;-0.00399;
5.32312;-0.05149;0.29938;9.81120;0.02357;-0.00013;-0.00479;
5.33072;-0.07365;0.33650;9.84772;0.01731;-0.01158;-0.00772;
5.33835;-0.08682;0.28082;9.84114;0.01371;-0.01944;-0.00812;
5.34598;-0.02395;0.21316;9.83814;0.01172;-0.03595;-0.00213;
5.35362;0.13053;0.14190;9.82916;0.01425;-0.03835;0.00067;
5.36121;0.18142;0.13891;9.76689;0.02091;-0.03262;-0.00479;
5.36883;0.15987;0.18861;9.83814;0.02477;-0.02730;-0.00586;
5.37644;0.13352;0.22753;9.83335;0.02517;-0.02290;-0.00879;
5.38404;0.11915;0.27124;9.80761;0.02077;-0.02117;-0.01132;
5.39165;0.11436;0.21495;9.83934;0.01758;-0.02290;-0.00866;
5.39926;0.12394;0.19040;9.84892;0.01798;-0.02330;-0.00453;
5.40686;0.19100;0.21256;9.84772;0.02197;-0.02290;-0.00746;
5.41446;0.18202;0.22094;9.79802;0.02317;-0.01997;-0.00652;
5.42206;0.14909;0.21016;9.83455;0.02357;-0.01465;0.00213;
5.42965;0.13592;0.22872;9.82317;0.02423;-0.01252;0.00613;
5.43725;0.19879;0.28381;9.83036;0.02357;-0.01052;0.00559;
5.44484;0.19460;0.29519;9.79922;0.02264;-0.00786;0.00852;
5.45241;0.22094;0.26225;9.82796;0.01824;-0.00519;0.01411;
5.46001;0.25866;0.29938;9.79802;0.01638;-0.00426;0.01531;
5.46759;0.18322;0.29758;9.81419;0.01105;0.00280;0.02583;
5.47515;0.20477;0.24968;9.82437;0.01039;0.00373;0.02849;
5.48272;0.19040;0.30716;9.82018;0.00732;0.01278;0.02317;
5.49028;0.19340;0.30417;9.85131;0.00346;0.01811;0.01864;
5.49784;0.04311;0.31255;9.83455;-0.00626;0.03009;0.00959;
5.50541;-0.02036;0.29219;9.81778;-0.01265;0.02943;0.00439;
5.51301;-0.04012;0.18861;9.81599;-0.01944;0.02423;0.01598;
5.52062;-0.04491;0.17184;9.81419;-0.01771;0.01451;0.00945;
5.52822;0.00719;0.15148;9.82198;-0.01638;0.01371;-0.00146;
5.53582;-0.05628;0.11496;9.83635;-0.01158;0.00972;-0.01318;
5.54346;-0.16586;0.13053;9.84353;-0.00546;0.00146;-0.01585;
5.55111;-0.15987;0.14909;9.85491;-0.00266;-0.01225;-0.02290;
5.55877;-0.08921;0.15029;9.81539;-0.00226;-0.02130;-0.02557;
5.56643;-0.06107;0.14789;9.78964;-0.00173;-0.03116;-0.03489;
5.57409;0.07245;0.16346;9.78785;-0.00173;-0.03196;-0.04221;
5.58171;0.08622;0.11496;9.84293;0.00000;-0.02610;-0.04381;
5.58927;0.10179;0.10239;9.82078;0.00253;-0.02477;-0.04341;
5.59689;0.21435;0.14789;9.82138;0.00905;-0.02170;-0.04634;
5.60450;0.23052;0.17843;9.81599;0.01092;-0.01771;-0.04900;
5.61211;0.27962;0.23471;9.81778;0.01718;-0.01158;-0.06165;
5.61975;0.31614;0.24070;9.81898;0.01758;-0.00679;-0.06644;
5.62737;0.24669;0.36883;9.83994;0.01145;0.00919;-0.05446;
5.63496;0.19460;0.44008;9.81838;0.00652;0.01371;-0.04967;
5.64253;0.08083;0.45026;9.81958;-0.01438;0.02330;-0.07284;
5.65013;0.06047;0.40835;9.87347;-0.02437;0.02370;-0.09401;
5.65773;0.13592;0.21316;9.82736;-0.04407;0.02503;-0.11731;
5.66535;0.14909;0.17484;9.84892;-0.04554;0.02796;-0.11584;
5.67297;0.13771;0.10658;9.84892;-0.04248;0.03755;-0.16018;
5.68058;0.06287;0.12694;9.82796;-0.03475;0.03595;-0.23195;
5.68819;0.08083;0.13532;9.77647;-0.03289;0.03622;-0.23768;
5.69581;-0.04072;0.17065;9.79323;-0.03116;0.03023;-0.22543;
5.70346;-0.06946;0.26585;9.80521;-0.02823;0.02051;-0.23342;
5.71110;-0.03353;0.16885;9.80940;-0.03316;0.00799;-0.27856;
5.71874;-0.06167;-0.03293;9.83156;-0.02370;0.00546;-0.26844;
5.72639;0.03173;-0.01078;9.84413;-0.01558;-0.00613;-0.20226;
5.73404;0.10658;-0.02455;9.79383;-0.00919;-0.00692;-0.18429;
5.74169;0.04072;0.15208;9.81898;0.00253;-0.00107;-0.20160;
5.74930;0.07065;0.19579;9.79204;-0.00133;-0.00160;-0.21824;
5.75692;0.05149;0.10897;9.79982;-0.00626;0.00160;-0.23821;
5.76452;0.05808;0.13472;9.80222;-0.00599;0.00226;-0.23515;
5.77211;0.13771;0.13232;9.77587;-0.00439;-0.00107;-0.21744;
5.77974;0.16346;0.09460;9.82617;-0.00280;-0.00160;-0.20106;
5.78735;0.20298;0.01437;9.88185;0.00613;0.00000;-0.17137;
5.79491;0.15987;0.12753;9.85251;0.01451;0.00093;-0.15859;
5.80251;0.24489;0.26704;9.84712;0.00799;-0.00173;-0.20852;
5.81012;0.31854;0.15388;9.79563;0.00320;0.00439;-0.26857;
5.81770;0.16645;0.09999;9.79563;0.00280;0.01877;-0.27563;
5.82528;0.12993;0.09939;9.81539;0.00506;0.02117;-0.22436;
5.83287;0.05568;0.25447;9.84832;0.01451;0.02570;-0.16631;
5.84047;0.03353;0.31854;9.84054;0.00293;0.02770;-0.19374;
5.84807;-0.01557;0.22992;9.82736;-0.00506;0.02810;-0.21251;
5.85570;-0.01138;0.24729;9.83575;-0.00746;0.02317;-0.29001;
5.86332;0.02575;0.24130;9.79563;-0.01624;0.02011;-0.33874;
5.87093;0.01018;0.11436;9.81539;-0.01744;0.01824;-0.40306;
5.87853;-0.13831;0.13891;9.82437;-0.01198;0.01225;-0.40852;
5.88617;-0.11616;0.17304;9.82138;-0.00959;-0.00772;-0.40758;
5.89382;0.03054;0.12394;9.82317;-0.01012;-0.01145;-0.40998;
5.90145;0.08802;0.27124;9.85072;-0.00759;-0.01411;-0.44540;
5.90906;0.09281;0.26944;9.84832;-0.01158;-0.01132;-0.48615;
5.91671;0.25866;0.07484;9.79982;-0.02077;-0.00533;-0.55192;
5.92434;0.22034;0.10658;9.80581;-0.01971;0.00173;-0.57363;
5.93194;0.24429;0.14250;9.84952;-0.01718;0.00892;-0.61171;
5.93957;0.25267;0.12993;9.81898;-0.01864;0.01318;-0.64593;
5.94720;0.22573;-0.02754;9.80162;-0.01518;0.02344;-0.72809;
5.95483;0.27423;-0.06107;9.82916;-0.00905;0.02437;-0.72396;
5.96246;0.06407;0.08682;9.80042;0.00999;0.03236;-0.59746;
5.97003;-0.06047;0.17484;9.82078;0.01771;0.02623;-0.51491;
5.97764;0.05089;0.30237;9.81479;0.01838;0.01345;-0.47896;
5.98523;0.04551;0.36165;9.83814;0.00386;0.01039;-0.54460;
5.99282;0.14250;0.30237;9.82617;-0.00293;0.00919;-0.58455;
6.00042;0.17963;0.36105;9.82916;-0.02463;0.01371;-0.64913;
6.00802;0.19759;0.18621;9.81898;-0.03435;0.02450;-0.66697;
6.01563;0.17005;0.10538;9.84233;-0.03302;0.03742;-0.63475;
6.02325;0.12274;0.13412;9.80880;-0.03116;0.03795;-0.62156;
6.03087;0.11496;0.13292;9.81359;-0.02796;0.03515;-0.62835;
6.03849;0.16765;0.11137;9.83036;-0.02770;0.03555;-0.63621;
6.04610;0.12873;0.12574;9.82916;-0.02024;0.03662;-0.65392;
6.05372;-0.02215;0.19699;9.84892;-0.02051;0.03435;-0.66191;
6.06135;0.04431;0.20597;9.78485;-0.02503;0.02357;-0.68961;
6.06896;0.12035;0.16885;9.80521;-0.02903;0.01864;-0.70811;
6.07658;0.08263;0.16705;9.84413;-0.03409;0.02477;-0.79560;
6.08419;-0.00659;0.17424;9.82677;-0.03635;0.02570;-0.83914;
6.09183;0.04610;0.20058;9.83694;-0.03888;0.01571;-0.86723;
6.09942;0.13951;0.15208;9.83635;-0.04407;0.01438;-0.88587;
6.10703;0.10119;0.02156;9.80761;-0.04620;0.01838;-0.91397;
6.11463;0.13891;0.02395;9.81898;-0.04101;0.01798;-0.91424;
6.12226;0.12454;0.16765;9.80880;-0.03688;0.02676;-0.92382;
6.12988;0.12274;0.13711;9.82377;-0.04088;0.02836;-0.94047;
6.13749;0.14310;0.25447;9.77886;-0.03901;0.02969;-1.02249;
6.14511;0.16705;0.19819;9.81359;-0.05766;0.03142;-1.09293;
6.15274;0.23351;-0.06107;9.79204;-0.05526;0.02810;-1.10505;
6.16037;0.20837;-0.01736;9.81180;-0.02983;0.03236;-1.07322;
6.16800;0.09700;0.12095;9.80880;-0.02836;0.03142;-1.02196;
6.17559;0.11795;0.06167;9.82796;-0.02437;0.02636;-0.93527;
6.18319;0.14909;0.12274;9.83215;-0.01877;0.02450;-0.92249;
6.19080;0.16406;0.23471;9.83395;-0.02690;0.03023;-0.97815;
6.19841;0.21256;0.27423;9.81719;-0.04101;0.03369;-1.03700;
6.20603;0.27064;0.19220;9.81659;-0.05193;0.04554;-1.16230;
6.21366;0.00120;0.15268;9.81359;-0.05193;0.05206;-1.17762;
6.22127;0.10179;-0.00180;9.80940;-0.05313;0.03861;-1.12529;
6.22890;0.03413;0.08083;9.82317;-0.04607;0.03529;-1.10891;
6.23650;0.02096;0.18202;9.81838;-0.04953;0.02037;-1.11224;
6.24411;0.14849;0.17065;9.82497;-0.05180;0.01079;-1.12395;
6.25173;0.33051;0.14909;9.79862;-0.05260;0.01132;-1.22622;
6.25935;0.29339;0.14550;9.79982;-0.05406;0.01451;-1.29066;
6.26698;0.37063;0.05688;9.80461;-0.05366;0.02610;-1.32422;
6.27458;0.30057;0.08383;9.82617;-0.05166;0.03369;-1.31836;
6.28219;0.09520;0.27962;9.80042;-0.05326;0.03529;-1.35045;
6.28982;0.04730;0.35566;9.84533;-0.05766;0.03316;-1.39892;
6.29743;-0.07544;0.25507;9.82856;-0.08415;0.02250;-1.43500;
6.30506;0.09999;0.15508;9.81539;-0.08961;-0.00093;-1.43034;
6.31268;0.28800;0.05389;9.81419;-0.09148;0.00706;-1.39985;
6.32028;0.34249;-0.05748;9.83215;-0.08628;0.01691;-1.36350;
6.32792;0.38919;0.04551;9.85191;-0.07803;0.02636;-1.36989;
6.33554;0.37961;0.08143;9.82856;-0.08162;0.04234;-1.41024;
6.34317;0.27782;0.13532;9.76569;-0.08162;0.04807;-1.42515;
6.35080;0.24609;0.10778;9.76090;-0.09148;0.05220;-1.39026;
6.35841;0.13592;0.04790;9.78605;-0.08868;0.05126;-1.36350;
6.36602;0.10837;0.15568;9.88305;-0.08988;0.04208;-1.34046;
6.37364;0.30776;0.17783;9.77886;-0.09081;0.03662;-1.37948;
6.38126;0.16406;0.06586;9.79683;-0.10572;0.04501;-1.52635;
6.38888;0.20897;-0.14011;9.80820;-0.10759;0.03728;-1.53673;
6.39652;0.24848;-0.08682;9.80341;-0.09094;0.03063;-1.41503;
6.40417;0.25148;-0.05269;9.81359;-0.08296;0.02916;-1.34699;
6.41181;0.31794;0.06467;9.83335;-0.07616;0.01944;-1.31064;
6.41943;0.31435;0.05149;9.81419;-0.07896;0.02277;-1.30291;
6.42705;0.36165;-0.06407;9.80222;-0.07616;0.02051;-1.28707;
6.43468;0.36344;0.04072;9.82078;-0.06871;0.02557;-1.30211;
6.44229;0.52810;0.10179;9.82677;-0.07670;0.03129;-1.37335;
6.44991;0.38081;-0.13771;9.79383;-0.07670;0.04833;-1.44446;
6.45756;0.43350;-0.12873;9.79743;-0.05539;0.05339;-1.44739;
6.46522;0.29099;0.15029;9.80820;-0.05619;0.06272;-1.41796;
6.47284;0.20837;-0.02036;9.80761;-0.06538;0.06112;-1.40691;
6.48048;0.22334;0.02335;9.76809;-0.05339;0.04927;-1.43287;
6.48811;0.34129;-0.00778;9.82377;-0.05766;0.05459;-1.46083;
6.49575;0.23950;-0.03413;9.79024;-0.05513;0.05499;-1.45950;
6.50339;0.30656;-0.01976;9.80581;-0.05033;0.04900;-1.44299;
6.51102;0.33890;0.02275;9.80222;-0.05260;0.04833;-1.41223;
6.51863;0.37961;0.02215;9.80701;-0.05273;0.04727;-1.42848;
6.52626;0.44068;-0.12454;9.77168;-0.05459;0.05632;-1.40571;
6.53390;0.36823;-0.05030;9.82736;-0.04581;0.06112;-1.37548;
6.54154;0.33470;0.28441;9.85072;-0.04407;0.06498;-1.39439;
6.54915;0.28680;0.17843;9.83156;-0.05965;0.06911;-1.43660;
6.55678;0.38979;0.05988;9.80880;-0.05965;0.05646;-1.50304;
6.56438;0.38560;0.12694;9.83096;-0.05779;0.05925;-1.53287;
6.57201;0.29818;-0.00120;9.78425;-0.06684;0.06405;-1.48866;
6.57964;0.30776;0.00659;9.82557;-0.06551;0.05885;-1.43993;
6.58725;0.22872;0.00479;9.81599;-0.06724;0.05459;-1.35298;
6.59486;0.22334;0.04311;9.82617;-0.05965;0.04154;-1.38387;
6.60248;0.32812;0.11077;9.81419;-0.06059;0.03888;-1.42262;
6.61010;0.42033;0.04131;9.80341;-0.06112;0.03915;-1.45218;
6.61771;0.35207;-0.09640;9.81719;-0.05872;0.04794;-1.45498;
6.62535;0.24609;-0.19579;9.77168;-0.04141;0.04674;-1.42994;
6.63300;0.33470;0.10478;9.79802;-0.03342;0.04248;-1.44259;
6.64060;0.23830;0.14071;9.79982;-0.05206;0.03822;-1.45431;
6.64822;0.16346;0.03233;9.81000;-0.04727;0.03036;-1.46842;
6.65584;0.38021;0.22992;9.80102;-0.03928;0.02477;-1.60397;
6.66346;0.45625;0.33111;9.83395;-0.04141;0.02650;-1.71383;
6.67109;0.41494;-0.13831;9.77228;-0.07643;0.03449;-1.78506;
6.67874;0.51493;-0.12634;9.82497;-0.05939;0.02756;-1.77335;
6.68640;0.61253;0.04730;9.83335;-0.05619;0.03662;-1.77082;
6.69401;0.58738;0.05269;9.85491;-0.05726;0.04714;-1.82474;
6.70163;0.67899;0.02754;9.81719;-0.05792;0.05553;-1.81383;
6.70926;0.73228;-0.04850;9.79982;-0.05899;0.06338;-1.74046;
6.71688;0.58618;0.08622;9.73875;-0.04421;0.08309;-1.66336;
6.72450;0.57241;0.11855;9.79443;-0.04381;0.08775;-1.66642;
6.73212;0.15448;0.12394;9.78845;-0.04301;0.10479;-1.72581;
6.73975;0.03712;0.13652;9.78725;-0.05033;0.07483;-1.79399;
6.74738;0.21615;-0.05389;9.80761;-0.04860;0.05859;-1.81622;
6.75502;0.29698;-0.04970;9.79623;-0.03662;0.04780;-1.82621;
6.76265;0.32093;0.19280;9.76988;-0.03755;0.04953;-1.81196;
6.77028;0.40057;0.17065;9.76689;-0.06032;0.03848;-1.66682;
6.77790;0.61851;0.01916;9.79503;-0.05845;0.04048;-1.57641;
6.78551;0.62510;0.13532;9.80341;-0.05220;0.04447;-1.47402;
6.79312;0.58798;0.09939;9.81359;-0.05712;0.05406;-1.46350;
6.80074;0.50056;0.10598;9.80581;-0.05233;0.06218;-1.49372;
6.80834;0.48260;0.15568;9.80282;-0.05246;0.06245;-1.51702;
6.81597;0.49397;0.03173;9.78425;-0.05486;0.06032;-1.55071;
6.82360;0.35746;-0.03533;9.78665;-0.05433;0.06684;-1.55018;
6.83124;0.26645;0.01257;9.81180;-0.04234;0.05819;-1.49119;
6.83886;0.39458;-0.10957;9.78066;-0.04407;0.05073;-1.42874;
6.84650;0.57840;0.21555;9.77467;-0.02051;0.04035;-1.35990;
6.85411;0.50056;0.24070;9.81060;-0.02663;0.04474;-1.36323;
6.86172;0.27183;0.09161;9.81599;-0.04581;0.04288;-1.36789;
6.86934;0.38680;0.17843;9.80461;-0.04141;0.02996;-1.37309;
6.87696;0.46284;0.20238;9.83036;-0.04487;0.02370;-1.42675;
6.88458;0.49218;0.10239;9.79144;-0.04953;0.02330;-1.44339;
6.89220;0.44128;0.07005;9.79383;-0.04234;0.02796;-1.42222;
6.89981;0.48918;0.07904;9.77168;-0.03795;0.02383;-1.38800;
6.90742;0.51074;0.22274;9.76449;-0.03702;0.02543;-1.38068;
6.91504;0.39757;0.23771;9.79743;-0.05246;0.02370;-1.35604;
6.92265;0.43170;0.00000;9.81419;-0.04687;0.01731;-1.36882;
6.93021;0.60893;0.11496;9.88604;-0.02743;0.01558;-1.48027;
6.93783;0.66761;0.14909;9.80820;-0.03302;0.01664;-1.51636;
6.94545;0.74425;-0.06766;9.77827;-0.01931;0.03369;-1.51623;
6.95310;0.92987;0.45386;9.77048;-0.01385;0.04181;-1.50651;
6.96072;0.62151;0.32093;9.81060;-0.04913;0.08056;-1.48041;
6.96835;0.31315;0.10658;9.78845;-0.05832;0.08775;-1.46097;
6.97598;0.37003;0.05209;9.83395;-0.05073;0.06658;-1.49812;
6.98358;0.30237;0.08921;9.82018;-0.04394;0.06365;-1.55338;
6.99120;0.37662;0.00419;9.76689;-0.04461;0.03276;-1.54912;
6.99880;0.46404;0.01796;9.76210;-0.03835;0.02876;-1.48320;
7.00641;0.42931;0.04191;9.77288;-0.03542;0.02290;-1.31143;
7.01402;0.48200;0.09161;9.78006;-0.02969;0.01917;-1.25578;
7.02163;0.77359;0.21016;9.79922;-0.01491;0.01731;-1.27562;
7.02925;0.62690;0.27243;9.80282;-0.01451;0.03196;-1.30731;
7.03688;0.79814;0.17184;9.79144;-0.02144;0.03089;-1.28640;
7.04449;0.83826;0.32153;9.78725;-0.01332;0.04394;-1.29053;
7.05212;0.90412;0.58798;9.80641;-0.02304;0.05526;-1.35817;
7.05975;0.92089;0.52092;9.83874;-0.04714;0.08868;-1.52342;
7.06737;0.78317;0.49337;9.79264;-0.05712;0.10279;-1.60344;
7.07498;0.63708;0.32333;9.79383;-0.07829;0.12370;-1.58160;
7.08260;0.11915;-0.10059;9.76030;-0.07909;0.11584;-1.49159;
7.09024;0.06347;-0.24729;9.79264;-0.05446;0.08069;-1.32408;
7.09787;-0.06167;-0.25028;9.79982;-0.02969;0.06019;-1.29705;
7.10554;0.28620;0.06407;9.79683;0.00213;0.00253;-1.34592;
7.11312;0.63648;0.10418;9.78485;0.01145;-0.01212;-1.36856;
7.12075;0.69156;0.36823;9.78365;0.02583;0.00679;-1.39119;
7.12834;0.62450;0.41134;9.81719;0.01505;0.01984;-1.40065;
7.13593;0.91071;0.62750;9.79623;0.00639;0.02237;-1.46443;
7.14354;0.94603;0.60594;9.78545;-0.00546;0.03489;-1.49798;
7.15114;0.63588;0.34668;9.80521;-0.03089;0.07164;-1.50810;
7.15876;0.45446;0.36823;9.79443;-0.03489;0.08216;-1.52142;
7.16640;0.51433;0.33171;9.78365;-0.03768;0.06738;-1.56696;
7.17404;0.34788;0.21555;9.79264;-0.03875;0.06431;-1.59559;
7.18167;0.28022;0.06107;9.82257;-0.02810;0.04234;-1.62448;
7.18928;0.45446;0.04311;9.82078;-0.01758;0.02929;-1.60278;
7.19691;0.51014;0.19699;9.78006;0.00413;0.02636;-1.54645;
7.20450;0.47661;0.28860;9.77467;0.00905;0.02144;-1.51157;
7.21210;0.65264;0.20717;9.82257;0.01624;0.02450;-1.48893;
7.21971;0.41554;0.37781;9.78725;0.01931;0.01664;-1.43580;
7.22731;0.83407;0.46044;9.81719;0.01971;0.01877;-1.44272;
7.23494;0.70533;0.72809;9.80162;0.00293;0.03435;-1.51143;
7.24254;0.98495;0.65384;9.80940;-0.00892;0.04514;-1.52768;
7.25016;0.94663;0.73168;9.83156;-0.03063;0.07390;-1.53061;
7.25778;1.02507;0.67061;9.79503;-0.04527;0.09201;-1.56789;
7.26541;0.46284;0.21974;9.81120;-0.06272;0.13382;-1.72408;
7.27304;0.44727;0.00778;9.80282;-0.05419;0.13022;-1.77947;
7.28066;0.25926;0.18981;9.79084;-0.01651;0.12117;-1.84192;
7.28826;0.42152;0.11436;9.82736;-0.01545;0.10000;-1.83087;
7.29588;0.53349;0.15148;9.76928;0.00999;0.10333;-1.79292;
7.30348;0.56702;0.17424;9.81239;0.01358;0.10293;-1.78094;
7.31107;0.25687;0.21914;9.84233;0.03808;0.11092;-1.84991;
7.31869;0.32932;0.10239;9.82317;0.04727;0.09893;-1.88347;
7.32632;0.24788;0.31435;9.80820;0.07763;0.08495;-1.90157;
7.33393;0.21555;0.23471;9.84533;0.07710;0.07270;-1.85217;
7.34155;0.18861;0.45625;9.82078;0.09228;0.04487;-1.68054;
7.34915;0.36285;0.49218;9.83455;0.09134;0.02663;-1.61210;
7.35676;0.48439;0.65264;9.79323;0.09374;0.02077;-1.63500;
7.36436;0.56882;0.87897;9.78904;0.08695;0.01891;-1.79066;
7.37196;0.79335;1.16518;9.79503;0.07124;0.01558;-1.82195;
7.37958;0.94005;1.16039;9.82976;0.01971;0.04594;-1.73939;
7.38720;0.83945;0.97597;9.85012;-0.00120;0.06285;-1.67388;
7.39481;0.71192;0.93047;9.82497;-0.03236;0.08748;-1.58214;
7.40244;0.53050;0.71252;9.78605;-0.04301;0.08868;-1.54419;
7.41004;0.52451;0.48559;9.76869;-0.04554;0.08509;-1.49226;
7.41767;0.43709;0.45146;9.78066;-0.03009;0.08988;-1.51330;
7.42528;0.48439;0.52451;9.81838;-0.01624;0.08282;-1.58493;
7.43291;0.39338;0.60833;9.81180;-0.00892;0.08548;-1.58653;
7.44052;0.60953;0.58678;9.83934;-0.01012;0.06738;-1.47814;
7.44814;0.42991;0.59337;9.81299;-0.00466;0.08016;-1.42994;
7.45577;0.11556;0.59217;9.80461;-0.00852;0.07217;-1.38813;
7.46338;0.16945;0.57540;9.78964;-0.01052;0.04820;-1.34792;
7.47100;0.42991;0.44428;9.83455;-0.01039;0.02543;-1.14459;
7.47861;0.40835;0.46703;9.82976;-0.00786;0.02623;-1.03767;
7.48622;0.45266;0.65683;9.81778;0.00093;0.01798;-0.93381;
7.49381;0.45326;0.72749;9.82497;0.00280;0.01718;-0.92982;
7.50140;0.65085;0.48559;9.85311;-0.00439;0.01971;-0.95538;
7.50900;0.52750;0.62809;9.82497;0.00985;0.03502;-1.02915;
7.51657;0.29459;0.92208;9.83515;0.01704;0.04354;-1.23194;
7.52416;0.30117;0.75383;9.85371;0.00799;0.03395;-1.26576;
7.53177;0.24788;0.78736;9.79802;0.00080;0.01731;-1.15604;
7.53935;0.43769;0.74725;9.79323;-0.01132;0.00120;-1.00079;
7.54697;0.35506;0.63049;9.78485;-0.01664;0.00586;-0.98973;
7.55458;0.43649;0.54487;9.82138;-0.00186;0.00040;-1.10132;
7.56219;0.63348;0.76222;9.86389;0.01678;0.02490;-1.22781;
7.56981;0.35626;0.82329;9.82976;0.00386;0.03688;-1.40518;
7.57742;0.21555;0.56463;9.83694;0.00866;0.04035;-1.39279;
7.58502;0.26106;0.62989;9.84293;0.01145;-0.00399;-1.15671;
7.59264;0.50116;0.81131;9.81359;0.01145;-0.00493;-1.05125;
7.60028;0.57959;0.65264;9.82617;0.00426;0.01079;-1.03727;
7.60786;0.41673;0.64127;9.82677;0.00866;0.02130;-1.11916;
7.61548;0.67061;0.81910;9.84772;0.03542;0.02597;-1.30052;
7.62309;0.36464;1.10889;9.83874;0.03675;0.04248;-1.40278;
7.63070;0.54487;1.10650;9.81299;0.00413;0.02943;-1.44486;
7.63830;0.70174;1.02267;9.80701;-0.01531;0.03489;-1.37269;
7.64593;0.37243;0.89155;9.80581;-0.04154;0.05632;-1.27921;
7.65356;0.34728;0.75503;9.86688;-0.04927;0.05086;-1.26496;
7.66120;0.39937;0.61911;9.84293;-0.03995;0.04274;-1.22089;
7.66882;0.21914;0.71252;9.77707;-0.03355;0.04647;-1.20598;
7.67644;0.42871;0.45026;9.85371;-0.03169;0.02610;-1.11423;
7.68406;0.48140;0.54307;9.79982;-0.01664;0.02756;-1.07961;
7.69168;0.33590;0.83886;9.84054;-0.00679;0.03222;-1.02968;
7.69928;0.39997;0.74904;9.82856;-0.01984;0.02077;-0.87256;
7.70690;0.49996;0.55505;9.82078;-0.01704;0.02610;-0.84287;
7.71450;0.52331;0.60654;9.81359;0.00320;0.03688;-0.96337;
7.72209;0.57840;0.76281;9.84413;0.01238;0.04554;-1.08081;
7.72968;0.51134;0.84903;9.85730;0.02130;0.07004;-1.33021;
7.73728;0.60893;0.99333;9.80820;0.01984;0.07603;-1.39705;
7.74486;0.66282;1.11009;9.83635;0.00626;0.11265;-1.44086;
7.75248;0.21615;1.04363;9.80761;-0.01638;0.10785;-1.41543;
7.76012;0.16406;1.08315;9.81898;-0.03355;0.08122;-1.27721;
7.76775;0.46523;0.75144;9.80940;-0.05220;0.06178;-1.16829;
7.77537;0.54367;0.62630;9.84832;-0.04927;0.08069;-1.13314;
7.78299;0.41554;0.73707;9.81719;-0.03848;0.09481;-1.22741;
7.79062;0.35267;0.37901;9.78785;-0.03169;0.09268;-1.32528;
7.79824;0.17364;0.39099;9.81180;-0.01598;0.09427;-1.28001;
7.80586;0.21555;0.76760;9.81778;0.00706;0.07110;-1.10558;
7.81344;0.05988;0.81491;9.82497;0.00373;0.07124;-1.02382;
7.82103;0.26046;0.63588;9.83694;-0.00133;0.04794;-0.86031;
7.82863;0.16286;0.81970;9.84952;0.00599;0.05007;-0.84034;
7.83621;0.19939;0.75563;9.81778;0.00240;0.03382;-0.83554;
7.84380;0.22393;0.73587;9.83395;0.00559;0.02796;-0.81131;
7.85140;0.39817;0.91370;9.84892;0.01079;0.02051;-0.74486;
7.85899;0.48439;0.99693;9.86389;0.00985;0.02810;-0.76257;
7.86660;0.22393;0.62570;9.80282;-0.00573;0.04554;-0.86936;
7.87421;0.18861;0.66222;9.81000;0.02077;0.03249;-0.83528;
7.88179;0.35147;1.12027;9.79683;0.01811;0.02570;-0.78881;
7.88942;0.50715;0.95801;9.83275;-0.01172;0.03981;-0.75219;
7.89704;0.25267;0.92148;9.82138;-0.01198;0.05060;-0.78588;
7.90465;0.31135;0.97777;9.80521;-0.00905;0.05100;-0.90531;
7.91225;0.90771;1.04183;9.87766;-0.00999;0.06138;-1.02329;
7.91987;0.62989;1.22445;9.88185;-0.01545;0.14807;-1.59532;
7.92751;-0.18082;1.10770;9.78485;-0.03076;0.13342;-1.77521;
7.93516;-0.01856;0.93645;9.80042;-0.03848;0.09720;-1.59452;
7.94280;0.02515;0.78557;9.82976;-0.05526;0.08242;-1.39692;
7.95044;0.21615;0.68258;9.86209;-0.06285;0.05406;-1.09719;
7.95805;0.23531;0.57301;9.81419;-0.06178;0.05086;-1.03155;
7.96568;0.07963;0.51493;9.80401;-0.03822;0.04900;-1.01876;
7.97329;0.04910;0.57900;9.82976;-0.02503;0.04168;-0.98867;
7.98089;0.25567;0.57959;9.81838;-0.01638;0.02357;-0.77083;
7.98848;0.25387;0.55026;9.82317;-0.01585;0.02357;-0.66178;
7.99610;0.14729;0.76880;9.82677;-0.00160;0.01784;-0.59320;
8.00370;0.16586;0.80173;9.83455;-0.00027;0.01491;-0.61823;
8.01130;0.13652;1.08494;9.85910;0.00506;0.01025;-0.69600;
8.01889;0.30357;1.08435;9.84293;-0.00293;0.00679;-0.71797;
8.02651;0.16107;0.89993;9.81958;-0.01997;0.03009;-0.77509;
8.03412;-0.02635;0.90113;9.79862;-0.01585;0.01758;-0.81850;
8.04175;0.56762;0.82987;9.82557;-0.01371;0.00879;-0.81104;
8.04937;0.68258;0.95741;9.83575;-0.00546;0.07816;-1.05258;
8.05698;-0.01916;1.07716;9.79982;-0.02170;0.08469;-1.20744;
8.06462;0.24729;0.84664;9.82677;-0.02636;0.06844;-1.12449;
8.07226;-0.14250;0.95741;9.80222;-0.03276;0.07150;-1.01903;
8.07989;0.19040;1.13943;9.89023;-0.05406;0.04687;-0.90545;
8.08751;0.39697;1.03165;9.87586;-0.07443;0.05273;-0.89466;
8.09513;0.10299;0.61792;9.85371;-0.08149;0.07776;-0.98135;
8.10276;-0.05269;0.53828;9.84652;-0.06831;0.07430;-1.05245;
8.11040;0.30117;0.67839;9.81659;-0.03662;0.05007;-0.98281;
8.11802;0.36704;0.62630;9.83275;-0.03595;0.05766;-0.90012;
8.12562;0.08383;0.50475;9.83754;-0.03316;0.06618;-0.80718;
8.13325;0.13053;0.53469;9.83335;-0.01465;0.05899;-0.79586;
8.14089;0.22154;0.49757;9.84173;0.00599;0.06511;-0.88721;
8.14849;0.21795;0.76162;9.82736;0.02836;0.07204;-0.96057;
8.15609;-0.01198;1.28613;9.79862;0.02383;0.07164;-1.04047;
8.16372;0.06826;1.24002;9.80641;0.00892;0.06964;-1.00225;
8.17130;-0.08802;0.93406;9.80461;-0.03009;0.07057;-0.91597;
8.17892;0.13232;0.79994;9.84712;-0.02876;0.05632;-0.83994;
8.18656;0.32213;0.80173;9.83455;-0.02676;0.07110;-0.88348;
8.19418;0.13771;0.76461;9.83994;-0.01079;0.10746;-1.16350;
8.20180;-0.02036;0.85622;9.87047;-0.00999;0.09414;-1.25644;
8.20944;-0.05568;0.84424;9.84772;-0.01305;0.08815;-1.20598;
8.21707;-0.31435;0.87298;9.81898;-0.01824;0.07523;-1.08481;
8.22471;-0.13352;0.78257;9.81120;-0.03169;0.02570;-0.71211;
8.23238;-0.21196;0.87418;9.86449;-0.03635;0.02130;-0.58961;
8.24004;-0.04012;1.08674;9.85012;-0.03329;-0.01158;-0.51757;
8.24770;0.10119;1.16578;9.86509;-0.04101;-0.01491;-0.53608;
8.25535;0.01856;0.78796;9.83635;-0.07297;0.00333;-0.60532;
8.26297;-0.06227;0.76701;9.81898;-0.06817;0.00373;-0.62569;
8.27061;0.04431;0.77060;9.84054;-0.05965;-0.00892;-0.57589;
8.27824;0.16047;0.69396;9.83335;-0.06019;-0.01079;-0.51557;
8.28588;0.02096;0.61792;9.82437;-0.06005;0.00186;-0.47456;
8.29349;-0.07484;0.59337;9.83215;-0.04940;-0.00107;-0.47150;
8.30114;-0.05329;0.61193;9.86329;-0.03289;-0.00999;-0.39720;
8.30880;0.01377;0.68019;9.83994;-0.02570;-0.01065;-0.31238;
8.31642;0.05988;0.56582;9.83934;-0.02783;-0.00613;-0.30146;
8.32404;0.09520;0.53529;9.80761;-0.00666;0.00360;-0.32636;
8.33164;0.07365;0.79395;9.81120;0.00080;0.00972;-0.37203;
8.33920;0.08562;0.83287;9.84173;-0.00399;0.02144;-0.50532;
8.34681;-0.01437;0.78676;9.87287;-0.00120;0.02889;-0.60186;
8.35443;-0.05868;0.81311;9.88185;0.00546;0.02836;-0.75991;
8.36206;-0.09879;0.82748;9.86209;0.00866;0.02383;-0.79560;
8.36966;0.04431;0.91190;9.83395;0.00799;0.01451;-0.74873;
8.37724;-0.11316;0.88795;9.82856;-0.00080;0.01771;-0.76031;
8.38488;-0.03353;0.85921;9.83215;-0.00080;0.00985;-0.86510;
8.39248;0.18861;0.84724;9.85431;0.00000;0.00706;-0.89480;
8.40002;0.17424;0.51134;9.86389;-0.01238;0.03622;-0.90225;
8.40762;0.02814;0.44667;9.80940;-0.00453;0.04075;-0.89440;
8.41522;0.18082;0.45326;9.80940;0.02237;0.02823;-0.70705;
8.42280;0.24010;0.41254;9.81659;0.02650;0.02943;-0.57882;
8.43041;-0.01557;0.69935;9.81778;0.04940;0.05047;-0.58322;
8.43803;-0.05449;0.88975;9.88125;0.06059;0.04780;-0.65605;
8.44563;-0.17424;1.20230;9.87946;0.05739;0.04394;-0.69387;
8.45326;-0.04251;1.23882;9.87227;0.04194;0.03382;-0.68082;
8.46090;-0.21495;0.86460;9.86808;-0.00146;0.05206;-0.79520;
8.46854;-0.26764;0.55265;9.83455;-0.00373;0.04181;-0.82129;
8.47616;-0.11795;0.72509;9.83036;0.02743;0.01505;-0.74380;
8.48377;-0.02335;0.77778;9.82856;0.01997;0.01198;-0.66124;
8.49140;-0.04251;0.59456;9.82198;0.01398;0.01598;-0.63048;
8.49902;-0.09999;0.52571;9.86209;0.02996;0.00399;-0.46351;
8.50663;0.01677;0.77539;9.86269;0.03702;-0.00546;-0.33249;
8.51426;0.00958;0.89214;9.85610;0.02583;-0.00266;-0.15579;
8.52186;-0.03952;0.83766;9.82796;0.02157;-0.00133;-0.12011;
8.52951;-0.08263;0.88676;9.81898;0.02157;-0.00386;-0.08136;
8.53715;-0.00778;0.80712;9.84413;0.01864;-0.00373;-0.03755;
8.54478;-0.05568;0.86999;9.86808;0.01984;-0.00213;0.04754;
8.55238;-0.07784;0.90592;9.87826;0.01558;-0.00213;0.06578;
8.56000;-0.18861;0.93526;9.82557;0.00866;-0.00706;0.08029;
8.56761;-0.19519;1.04722;9.80820;0.00559;-0.01212;0.08389;
8.57523;-0.13891;1.09812;9.81898;-0.01877;-0.02397;0.09547;
8.58288;-0.02096;0.86520;9.82018;-0.03262;-0.02863;0.10852;
8.59050;0.14550;0.52331;9.88784;-0.02796;-0.02716;0.09680;
8.59809;0.12394;0.58917;9.89682;-0.01411;-0.01798;0.07843;
8.60572;0.10957;0.54726;9.87646;0.00559;-0.00666;0.08775;
8.61329;0.08921;0.68318;9.85790;0.01651;-0.00346;0.09867;
8.62086;-0.13592;0.93047;9.86209;0.01385;0.00466;0.09947;
8.62845;-0.31435;1.04423;9.81838;0.01305;-0.00160;0.10945;
8.63607;-0.10718;1.07057;9.83994;-0.01744;-0.02237;0.15393;
8.64372;-0.08083;0.78796;9.83096;-0.03529;-0.01877;0.13102;
8.65135;-0.19280;0.84305;9.86628;-0.02889;-0.03249;0.09893;
8.65899;0.03593;0.79275;9.86868;-0.02863;-0.03861;0.10719;
8.66661;0.14909;0.59396;9.84772;-0.02570;-0.03409;0.11837;
8.67422;0.07904;0.62450;9.86688;-0.01238;-0.02450;0.08801;
8.68181;-0.04670;0.73228;9.81239;-0.00719;-0.02463;0.06778;
8.68943;-0.05988;0.72449;9.81539;-0.00253;-0.02783;0.06618;
8.69707;-0.05868;0.78078;9.82138;-0.00320;-0.02876;0.07377;
8.70468;-0.00240;0.71791;9.84293;-0.00652;-0.02836;0.08269;
8.71230;0.03952;0.64785;9.86089;-0.00280;-0.02796;0.09547;
8.71990;0.09281;0.75144;9.86808;0.00160;-0.02197;0.11758;
8.72750;0.22633;0.62510;9.85072;-0.00439;-0.01957;0.12570;
8.73510;-0.14610;0.80173;9.84652;0.01385;-0.00466;0.08735;
8.74269;-0.04970;0.81550;9.83635;0.01904;-0.01411;0.05193;
8.75031;0.01677;0.80233;9.84293;0.01158;-0.01252;0.01824;
8.75789;0.05509;0.72090;9.86089;0.00732;-0.01158;0.02703;
8.76547;0.08802;0.81311;9.85491;0.01651;-0.00719;0.04887;
8.77305;0.09999;0.80772;9.85910;0.01491;-0.00666;0.04581;
8.78062;-0.04431;0.75623;9.81299;0.01105;-0.00213;0.03675;
8.78825;-0.00180;0.76760;9.82736;0.01225;-0.00546;0.04248;
8.79583;0.11017;0.64246;9.84832;0.02024;-0.00826;0.04501;
8.80343;0.08023;0.67779;9.85910;0.02916;-0.00133;0.01731;
8.81101;0.00599;0.79694;9.83635;0.02969;-0.00373;0.02077;
8.81858;-0.01317;0.82029;9.84233;0.02610;-0.00466;0.04993;
8.82619;-0.08143;0.85861;9.81539;0.02517;-0.00786;0.05592;
8.83378;0.03173;0.79874;9.85072;0.01784;-0.01332;0.05286;
8.84138;-0.00120;0.64785;9.81599;0.02024;-0.00732;0.04514;
8.84898;-0.04191;0.63708;9.84952;0.03622;-0.01105;0.03236;
8.85660;0.00778;0.85263;9.86868;0.04075;-0.01145;0.04674;
8.86418;-0.00479;0.95501;9.84293;0.02557;-0.00799;0.09121;
8.87178;-0.12394;0.91370;9.83934;0.01438;-0.01198;0.09547;
8.87939;-0.10299;0.75323;9.82617;0.00706;-0.01438;0.06525;
8.88699;-0.04790;0.74605;9.87287;0.01318;-0.01824;0.03529;
8.89460;0.12394;0.72868;9.86988;0.02064;-0.01678;0.00999;
8.90218;0.12873;0.72749;9.88365;0.01771;-0.01238;0.01904;
8.90978;0.10059;0.62450;9.83395;0.02024;-0.00280;0.02357;
8.91734;0.12694;0.66402;9.85551;0.02876;0.00013;0.02357;
8.92490;0.02754;0.75204;9.71001;0.03888;0.00999;0.03182;
8.93246;-0.05209;0.71192;9.76090;0.03648;0.01212;0.04261;
8.94005;0.00958;0.73407;9.93873;0.04075;0.00519;0.07057;
8.94759;0.15807;0.82508;9.94711;0.04434;0.00413;0.07523;
8.95517;-0.03473;0.93346;9.83814;0.03608;0.02077;0.09680;
8.96274;-0.28980;0.96340;9.88963;0.02690;0.02051;0.12383;
8.97034;-0.05149;0.96938;9.80701;0.01611;-0.00799;0.13262;
8.97795;-0.18981;0.99812;9.83994;0.00692;-0.00266;0.11984;
8.98558;-0.10418;1.03585;9.85970;-0.00559;-0.02889;0.10146;
8.99320;0.08622;0.99453;9.84593;-0.01624;-0.03049;0.08056;
9.00080;0.08323;0.74784;9.89143;-0.03675;-0.02144;0.03782;
9.00841;0.22393;0.58858;9.86449;-0.02477;-0.01052;0.08349;
9.01602;0.19160;0.60893;9.82377;-0.01904;0.00107;0.09481;
9.02359;0.22393;0.48918;9.79743;-0.00959;0.01651;0.08469;
9.03119;-0.02575;0.42631;9.83156;0.00320;0.02383;0.06977;
9.03877;0.03772;0.61313;9.84772;0.02237;0.02530;0.03688;
9.04633;0.05509;0.67240;9.87107;0.02956;0.03316;0.02983;
9.05390;-0.01257;0.72210;9.86628;0.03808;0.03382;0.04514;
9.06149;0.06227;0.80772;9.85012;0.03116;0.03555;0.05326;
9.06906;-0.12813;0.87538;9.80162;0.02849;0.04061;0.02676;
9.07665;-0.40176;1.13524;9.77707;0.01984;0.01944;0.01252;
9.08424;-0.14250;0.88137;9.87706;-0.01744;0.01118;-0.00613;
9.09187;-0.01617;0.68857;9.85131;-0.02490;0.01012;-0.02450;
9.09950;0.12215;0.64845;9.90880;-0.00706;0.00186;-0.02703;
9.10709;0.14250;0.64785;9.89502;-0.00573;0.01158;-0.00866;
9.11469;0.01317;0.66641;9.82257;0.00759;0.01664;0.00479;
9.12224;-0.01497;0.73108;9.84952;0.01305;0.01478;0.00639;
9.12982;-0.04012;0.65145;9.84173;0.01718;0.01811;0.00439;
9.13741;-0.04491;0.71072;9.84533;0.02157;0.01505;-0.00639;
9.14502;0.03712;0.74904;9.85251;0.02810;0.01491;-0.00812;
9.15260;0.03114;0.79575;9.82617;0.03316;0.01758;-0.00333;
9.16020;0.02754;0.85382;9.85431;0.03169;0.01704;-0.00826;
9.16778;-0.02635;0.87059;9.83215;0.02969;0.01957;-0.01478;
9.17538;-0.06526;0.98495;9.83694;0.02463;0.01465;-0.00759;
9.18298;-0.08981;1.02447;9.84054;0.01957;0.01052;-0.00559;
9.19059;-0.06526;0.80473;9.83754;-0.00067;0.00759;-0.01891;
9.19820;-0.06646;0.74305;9.83275;0.00226;0.00320;-0.01971;
9.20582;-0.05928;0.66582;9.82138;0.00892;0.00186;-0.01118;
9.21342;-0.08502;0.65743;9.82976;0.01784;-0.00173;0.00546;
9.22102;-0.16645;0.74305;9.83814;0.02304;-0.00346;0.01158;
9.22863;-0.15029;0.75563;9.81060;0.02264;-0.01358;0.02543;
9.23624;-0.11736;0.57780;9.84593;0.02357;-0.01518;0.02210;
9.24386;-0.08323;0.59816;9.84892;0.03968;-0.02157;0.01145;
9.25148;-0.08083;0.74425;9.85012;0.04567;-0.02304;0.01505;
9.25908;-0.06886;0.74485;9.84413;0.04714;-0.02610;0.01798;
9.26670;-0.13592;0.82748;9.85910;0.04447;-0.02783;0.01345;
9.27432;0.03173;0.77599;9.87287;0.04088;-0.03462;0.01491;
9.28192;0.07844;0.73826;9.82317;0.04221;-0.03142;0.01771;
9.28951;-0.13292;0.82808;9.93155;0.04008;-0.02091;0.01478;
9.29713;-0.04371;0.84305;9.76569;0.03981;-0.02849;0.00799;
9.30473;0.26285;0.90232;9.87467;0.03502;-0.02104;-0.00120;
9.31235;0.24489;0.92328;9.75970;0.02610;-0.01411;0.01039;
9.31994;-0.11077;0.86700;9.79862;0.01598;-0.00306;0.05459;
9.32754;0.11376;0.99693;9.84652;0.02064;-0.01571;0.03063;
9.33514;-0.05149;0.89095;9.88784;-0.00200;0.00413;-0.01664;
9.34274;-0.10598;0.72749;9.81239;-0.00559;-0.00146;-0.00293;
9.35038;0.31195;0.74605;9.86748;0.00732;-0.00905;0.00732;
9.35795;0.18202;0.64785;9.84712;0.00466;0.00905;-0.00253;
9.36554;0.03473;0.59995;9.85850;0.02423;0.01505;0.01438;
9.37310;0.03952;0.73946;9.85491;0.03102;0.02157;0.00666;
9.38066;-0.21495;0.81251;9.82796;0.02091;0.02450;0.00386;
9.38825;-0.28620;0.76102;9.83395;0.02743;0.00692;0.01744;
9.39583;-0.09281;0.98136;9.87407;0.02610;-0.00120;0.01798;
9.40345;-0.05509;0.88915;9.83754;0.00839;-0.00107;0.00692;
9.41103;-0.14849;0.78437;9.82677;0.00080;-0.00266;0.00945;
9.41862;-0.17124;0.69815;9.77228;0.00266;-0.01585;0.01238;
9.42626;-0.16406;0.64606;9.81599;0.01265;-0.02304;0.00573;
9.43385;-0.03353;0.80293;9.83874;0.02011;-0.03023;0.00120;
9.44145;0.00419;0.92627;9.83635;0.01025;-0.02889;0.01292;
9.44903;0.13532;0.61971;9.85012;0.00080;-0.02650;0.01318;
9.45662;0.14610;0.61133;9.81479;0.00613;-0.02091;0.00013;
9.46420;0.10837;0.67779;9.80521;0.01811;-0.00719;-0.00692;
9.47180;0.10778;0.70593;9.84173;0.02423;-0.00226;0.00107;
9.47936;0.06706;0.85622;9.83335;0.02823;0.00519;-0.00146;
9.48694;0.04371;0.89634;9.85850;0.02264;0.00839;-0.00839;
9.49454;0.01257;0.79934;9.88065;0.01624;0.01198;-0.01691;
9.50213;-0.02874;0.80952;9.87227;0.01744;0.01292;-0.01624;
9.50973;-0.03533;0.84065;9.84413;0.01891;0.00652;-0.00866;
9.51734;-0.03652;0.88616;9.83754;0.01944;0.00479;-0.00266;
9.52496;0.01617;0.95142;9.82377;0.00892;0.00346;-0.00413;
9.53255;-0.02754;0.84424;9.86089;-0.00186;0.00879;-0.01358;
9.54018;0.00299;0.70773;9.84533;-0.00120;0.00799;-0.01984;
9.54776;0.05389;0.67839;9.86149;-0.00013;0.01039;-0.00892;
9.55536;0.02575;0.73707;9.81958;0.00373;0.02130;-0.00027;
9.56293;-0.00838;0.76222;9.82198;0.00453;0.02157;-0.00613;
9.57054;-0.11257;0.70533;9.82198;0.00200;0.02197;-0.00413;
9.57815;-0.15508;0.69036;9.83575;0.01305;0.01172;0.00346;
9.58574;-0.08981;0.78078;9.83814;0.01678;0.00479;0.00746;
9.59331;-0.07784;0.78796;9.86509;0.02477;-0.00080;0.01598;
9.60089;-0.05808;0.94963;9.84832;0.02344;-0.00493;0.02597;
9.60850;0.00359;0.85023;9.86449;0.00826;-0.00399;0.02357;
9.61606;-0.08263;0.72449;9.84054;0.00879;-0.00559;0.00826;
9.62366;0.00599;0.68258;9.83215;0.01904;-0.00732;0.00306;
9.63123;0.01976;0.76641;9.81539;0.02317;-0.00413;0.00692;
9.63880;-0.02575;0.88915;9.81479;0.02170;-0.00493;0.00546;
9.64641;-0.02455;0.88256;9.83215;0.01172;-0.00546;0.00519;
9.65400;0.02215;0.76401;9.83275;0.00706;-0.00373;-0.01278;
9.66159;0.03173;0.77479;9.81000;0.00666;-0.00266;-0.01664;
9.66918;-0.07425;0.75922;9.82617;0.01052;0.00466;0.00080;
9.67675;-0.04131;0.77599;9.85012;0.01052;0.00253;0.00253;
9.68434;0.07245;0.81550;9.84593;0.01092;0.00386;-0.01278;
9.69192;-0.04610;0.75563;9.84892;0.00959;0.00932;-0.01158;
9.69953;-0.04610;0.80652;9.87047;0.01505;0.00120;0.01039;
9.70709;-0.01018;0.85502;9.83515;0.01598;-0.00067;0.01238;
9.71467;0.00898;0.67719;9.82856;0.00799;-0.00133;0.01731;
9.72226;0.01617;0.67420;9.81599;0.01278;-0.00133;0.02317;
9.72985;0.00120;0.79634;9.80401;0.01944;-0.00306;0.00905;
9.73740;-0.04311;0.80353;9.82497;0.01851;-0.00027;0.00027;
9.74499;-0.08622;0.90172;9.86269;0.00999;-0.00280;0.00146;
9.75259;-0.06886;0.87837;9.83515;0.00240;-0.00240;-0.00120;
9.76020;-0.01377;0.64486;9.86688;-0.00639;-0.00040;-0.01079;
9.76782;-0.00479;0.63408;9.85012;0.00652;0.00173;-0.01079;
9.77542;0.00180;0.80113;9.84832;0.00826;0.00320;-0.00759;
9.78298;-0.03353;0.82508;9.81719;0.00266;0.00533;-0.00586;
9.79059;-0.02994;0.74006;9.83515;-0.00040;0.00200;-0.00626;
9.79817;-0.02934;0.70593;9.85431;0.00905;-0.00240;-0.00919;
9.80578;0.00539;0.74725;9.83275;0.01478;-0.00639;-0.00613;
9.81337;0.03952;0.77718;9.83754;0.01638;-0.00280;0.00519;
9.82094;-0.03293;0.72330;9.81239;0.01518;-0.00306;0.00746;
9.82853;-0.07544;0.72988;9.80641;0.01984;-0.00413;0.01145;
9.83614;-0.08981;0.84963;9.85072;0.01917;-0.00706;0.01145;
9.84374;-0.09101;0.90891;9.87646;0.01012;-0.01025;0.00945;
9.85135;-0.04910;0.84544;9.83874;0.00226;-0.01105;0.00919;
9.85894;0.10658;0.73946;9.85012;-0.00599;-0.01278;0.01585;
9.86654;-0.02874;0.59097;9.87107;-0.00133;-0.00546;0.01624;
9.87416;0.08442;0.71252;9.86868;0.02370;-0.01198;-0.00506;
9.88176;0.06107;0.81311;9.86628;0.02756;-0.00959;-0.01105;
9.88936;-0.05269;0.77239;9.85131;0.01877;-0.00732;0.00080;
9.89694;-0.01557;0.73407;9.86089;0.02051;-0.01012;0.00506;
9.90454;-0.05928;0.72509;9.88185;0.02810;-0.00799;-0.00466;
9.91216;-0.04790;0.81970;9.82736;0.03076;-0.00812;-0.01065;
9.91978;0.03952;0.82928;9.84832;0.01798;-0.00320;-0.00586;
9.92738;-0.00299;0.80353;9.83874;0.01252;0.00186;-0.00426;
9.93498;-0.03173;0.76401;9.85551;0.01079;0.00186;-0.00240;
9.94259;0.00240;0.74784;9.83455;0.01265;0.00293;-0.00373;
9.95017;0.00060;0.80233;9.83395;0.01145;0.00186;-0.00652;
9.95773;-0.09640;0.76581;9.86868;0.01678;-0.00160;0.00360;
9.96531;0.06946;0.75144;9.82437;0.02064;-0.00959;0.00027;
9.97290;0.07484;0.76102;9.84413;0.01957;-0.00293;-0.00493;
9.98048;-0.04491;0.74365;9.84473;0.02130;-0.00453;-0.00386;
9.98812;-0.01976;0.82449;9.84772;0.02810;-0.00639;-0.00333;
9.99575;-0.05089;0.91071;9.86928;0.02184;-0.00226;-0.00599;
10.00336;-0.04970;0.91490;9.87347;0.00652;-0.00067;-0.00200;
10.01102;0.01916;0.79096;9.85790;-0.00133;0.00213;0.00373;
10.01864;-0.00180;0.68677;9.91119;-0.00040;0.00519;0.00306;
10.02626;0.03173;0.68857;9.87227;0.00479;0.00546;0.00799;
10.03386;-0.09101;0.73467;9.83635;0.00852;0.00706;0.02463;
10.04151;-0.05688;0.84544;9.81719;0.00453;0.00573;0.03156;
10.04916;-0.12933;0.67899;9.77886;0.00613;0.00546;0.02770;
10.05681;-0.16107;0.74665;9.79264;0.01505;0.00200;0.00945;
10.06445;-0.03593;0.78437;9.84652;0.01518;-0.00985;-0.00053;
10.07214;-0.07963;0.80233;9.85491;0.01451;-0.00892;0.00573;
10.07980;-0.00778;0.79874;9.84293;0.01345;-0.01385;0.00493;
10.08746;0.01856;0.76521;9.82138;0.01358;-0.01145;0.00160;
10.09510;0.04491;0.71551;9.81838;0.01425;-0.00932;-0.00027;
10.10276;0.10418;0.69096;9.81659;0.02157;-0.00067;-0.00626;
10.11042;0.01138;0.76042;9.87047;0.02210;0.00439;-0.01438;
10.11806;0.03233;0.78916;9.86149;0.02210;0.00466;-0.00799;
10.12569;0.02215;0.85502;9.88904;0.01824;0.00786;0.00013;
10.13330;-0.04371;0.91550;9.86628;0.01292;0.00919;-0.00639;
10.14097;-0.14071;0.87718;9.80940;0.00546;0.00493;-0.01398;
10.14863;-0.12274;0.75144;9.80162;-0.00226;-0.00266;-0.00706;
10.15634;-0.12334;0.73407;9.79922;-0.00107;-0.00826;0.00027;
10.16402;0.02635;0.59277;9.87766;-0.00080;-0.01624;0.00932;
10.17167;0.06766;0.62869;9.90341;0.00613;-0.01318;0.00786;
10.17932;-0.01796;0.84185;9.85012;0.01624;-0.00253;0.00426;
10.18697;-0.11436;0.87538;9.84832;0.01012;0.00200;0.01505;
10.19461;-0.04910;0.90412;9.83335;-0.00639;-0.00306;0.02477;
10.20230;-0.01198;0.82568;9.80880;-0.01172;-0.00240;0.01771;
10.20999;0.03233;0.60235;9.79144;-0.01278;-0.00386;0.01571;
10.21765;0.09101;0.60055;9.84473;0.00746;-0.00320;0.01704;
10.22527;0.05628;0.63288;9.86209;0.01611;-0.00107;0.01824;
10.23292;0.03413;0.70114;9.87407;0.02929;0.00146;0.02543;
10.24055;-0.04730;0.90532;9.80341;0.02730;-0.00027;0.02783;
10.24822;-0.08802;0.93885;9.82317;0.01651;-0.00133;0.01145;
10.25591;-0.15388;0.88915;9.84173;0.01052;-0.00546;-0.00027;
10.26362;-0.00419;0.77239;9.85670;0.00040;-0.01358;-0.00586;
10.27129;0.03173;0.71252;9.89263;-0.00107;-0.01158;-0.00399;
10.27899;0.12394;0.77778;9.86568;0.00533;-0.00639;-0.00053;
10.28665;0.10418;0.71372;9.85551;0.00253;0.00027;0.00240;
10.29428;-0.13113;0.63767;9.81599;0.00839;0.00812;0.00160;
10.30193;-0.13113;0.67480;9.80042;0.01571;0.00439;-0.00080;
10.30959;-0.05149;0.64785;9.81838;0.02184;-0.00067;0.00186;
10.31726;-0.08442;0.68019;9.85072;0.02583;-0.00280;0.00439;
10.32492;-0.07065;0.81371;9.87347;0.03182;-0.00932;0.00945;
10.33260;-0.13232;0.81371;9.84114;0.02703;-0.01345;0.01611;
10.34029;-0.15388;0.82928;9.81898;0.02623;-0.01877;0.01678;
10.34798;-0.12873;0.88975;9.82377;0.02130;-0.02849;0.00892;
10.35565;-0.00599;0.80353;9.82557;0.01585;-0.03089;0.00346;
10.36332;-0.01198;0.72569;9.83515;0.01318;-0.02876;-0.00732;
10.37101;0.09221;0.64785;9.85790;0.01438;-0.02863;-0.01278;
10.37869;0.11855;0.68677;9.86748;0.02583;-0.01784;-0.01145;
10.38637;0.12095;0.76222;9.89143;0.02876;-0.01265;-0.00280;
10.39404;0.08682;0.85502;9.83814;0.02943;-0.00333;0.00453;
10.40165;0.04131;0.81550;9.82796;0.02623;0.00200;0.00226;
10.40926;-0.03293;0.80892;9.85730;0.02437;0.00293;-0.00732;
10.41693;-0.00719;0.79575;9.83395;0.02397;-0.00080;-0.00559;
10.42461;-0.01257;0.79275;9.85311;0.02703;-0.00493;-0.00120;
10.43231;0.00719;0.76880;9.84652;0.02517;-0.00519;0.00013;
10.43994;-0.01317;0.69935;9.82856;0.02450;-0.00519;-0.00306;
10.44762;-0.03832;0.74425;9.83934;0.03102;-0.01012;-0.00107;
10.45532;-0.06646;0.86281;9.84952;0.02969;-0.01172;-0.00053;
10.46301;-0.05389;0.88137;9.83694;0.01971;-0.01531;0.00759;
10.47068;-0.05389;0.82688;9.85371;0.01624;-0.01305;0.00852;
10.47835;-0.06347;0.78497;9.80461;0.01079;-0.01065;-0.00253;
10.48604;-0.04730;0.78078;9.82257;0.01079;-0.01132;-0.00027;
10.49373;-0.04251;0.69336;9.81359;0.00892;-0.01079;0.00213;
10.50140;0.01437;0.67360;9.82976;0.00892;-0.00919;-0.00386;
10.50904;0.04970;0.66043;9.87467;0.01398;-0.01158;-0.00293;
10.51670;-0.00419;0.70354;9.86688;0.02224;-0.01012;0.00399;
10.52436;-0.02814;0.79814;9.84652;0.02916;-0.01624;-0.00533;
10.53204;-0.09879;0.87418;9.84473;0.02690;-0.01624;-0.01265;
10.53975;0.02515;0.80652;9.83694;0.02024;-0.02317;-0.00586;
10.54740;0.05928;0.75563;9.85191;0.02037;-0.01598;-0.00333;
10.55506;0.10358;0.70952;9.82078;0.01931;-0.01225;-0.00360;
10.56270;0.08622;0.72449;9.83575;0.02304;0.00000;0.00080;
10.57026;0.00479;0.83526;9.82078;0.02317;0.00253;0.00373;
10.57787;0.01617;0.79994;9.82497;0.01571;0.00732;0.00146;
10.58549;-0.06047;0.88197;9.85311;0.01358;0.00839;-0.00226;
10.59316;-0.03353;0.85502;9.85610;0.00453;0.00519;-0.00107;
10.60084;0.00359;0.75383;9.85790;-0.00027;0.00453;0.00107;
10.60845;-0.01976;0.73826;9.82437;-0.00013;0.00573;-0.00240;
10.61612;-0.01677;0.71072;9.85610;0.00186;0.00533;0.00000;
10.62370;-0.02275;0.77539;9.81898;0.00932;-0.00160;0.00226;
10.63137;-0.00419;0.80712;9.86030;0.01092;-0.00346;0.00013;
10.63902;-0.01377;0.84724;9.82856;0.00826;-0.00213;-0.00413;
10.64672;-0.03413;0.86221;9.85610;0.00826;-0.00240;-0.00799;