6.80822;5.72470;-6.31627;2.84828;0.14181;-0.28708;0.29241;
6.81585;5.48639;-6.32285;2.98360;0.14208;-0.25006;0.30199;
6.82348;5.66662;-6.24861;2.72972;0.14447;-0.19693;0.31744;
6.83115;5.84924;-6.32465;2.87762;0.13915;-0.23009;0.30266;
6.83880;5.85463;-6.27435;2.89498;0.13888;-0.18841;0.29414;
6.84647;5.73607;-6.30130;2.86205;0.13595;-0.12596;0.29720;
6.85411;5.67081;-6.30369;2.82253;0.13955;-0.16737;0.30466;
6.86174;5.68578;-6.30130;2.83630;0.13981;-0.17483;0.31091;
6.86940;5.73068;-6.29232;2.84768;0.13409;-0.13688;0.31717;
6.87705;5.81630;-6.27974;2.82073;0.12596;-0.11505;0.31424;
6.88468;5.75523;-6.29531;2.84768;0.12077;-0.12463;0.30972;
6.89233;5.71931;-6.27375;2.83391;0.11877;-0.15379;0.30918;
6.89997;5.69835;-6.32405;2.77044;0.12343;-0.19281;0.30586;
6.90762;5.68458;-6.28214;2.80816;0.12796;-0.21291;0.30492;
6.91526;5.73787;-6.28154;2.84229;0.12836;-0.25845;0.30479;
6.92292;5.72050;-6.30070;2.82732;0.12783;-0.26578;0.30372;
6.93056;5.76960;-6.30609;2.82972;0.13236;-0.26231;0.30812;
6.93820;5.68398;-6.30249;2.84229;0.13315;-0.25512;0.30679;
6.94585;5.76661;-6.32285;2.81235;0.13249;-0.25952;0.30239;
6.95351;5.75523;-6.33303;2.88839;0.13009;-0.26511;0.30319;
6.96118;5.70194;-6.28453;2.79678;0.12596;-0.25060;0.30572;
6.96882;5.71811;-6.29411;2.76984;0.12503;-0.23022;0.30426;
6.97648;5.73368;-6.27854;2.77822;0.12530;-0.18988;0.29680;
6.98412;5.76481;-6.29291;2.81056;0.12397;-0.16751;0.29201;
6.99178;5.72230;-6.30908;2.78720;0.12303;-0.15792;0.29147;
6.99942;5.71512;-6.30369;2.77104;0.12956;-0.15473;0.28801;
7.00707;5.69835;-6.30968;2.77403;0.13209;-0.16604;0.28735;
7.01470;5.69176;-6.30609;2.76206;0.13768;-0.18855;0.28748;
7.02233;5.74445;-6.31088;2.81355;0.13821;-0.19108;0.28575;
7.02998;5.76361;-6.30788;2.81954;0.13888;-0.18868;0.28828;
7.03762;5.74086;-6.30728;2.79559;0.13901;-0.19507;0.28988;
7.04526;5.70913;-6.28034;2.78182;0.13635;-0.20719;0.29294;
7.05291;5.72769;-6.30848;2.79619;0.13635;-0.20293;0.29161;
7.06057;5.74565;-6.29770;2.82014;0.13102;-0.18096;0.29094;
7.06820;5.75224;-6.30848;2.80397;0.12956;-0.17150;0.28908;
7.07582;5.71691;-6.29351;2.82493;0.12516;-0.17323;0.28628;
7.08348;5.71571;-6.29112;2.80457;0.12370;-0.18189;0.28588;
7.09113;5.73787;-6.28752;2.82493;0.12290;-0.18961;0.28841;
7.09878;5.73068;-6.30788;2.81894;0.12104;-0.18974;0.28788;
7.10642;5.78098;-6.28333;2.79499;0.11758;-0.18682;0.28775;
7.11408;5.77798;-6.28693;2.77104;0.11465;-0.18375;0.28748;
7.12173;5.72589;-6.24920;2.77882;0.11518;-0.18242;0.28641;
7.12938;5.73727;-6.29411;2.78720;0.11771;-0.17630;0.28309;
7.13704;5.71811;-6.26657;2.79619;0.11917;-0.17603;0.28295;
7.14468;5.71691;-6.27076;2.78241;0.12383;-0.18069;0.28681;
7.15232;5.71452;-6.29531;2.78481;0.12530;-0.18415;0.28602;
7.15996;5.72769;-6.27076;2.76445;0.13369;-0.17869;0.28162;
7.16761;5.73428;-6.27854;2.78541;0.13595;-0.17190;0.27749;
7.17526;5.73667;-6.28154;2.79858;0.14088;-0.17909;0.27736;
7.18290;5.74505;-6.26357;2.81415;0.14234;-0.18628;0.27896;
7.19055;5.71152;-6.25220;2.78720;0.14487;-0.18948;0.28468;
7.19819;5.74266;-6.27076;2.78361;0.14301;-0.18375;0.28135;
7.20584;5.79355;-6.26896;2.81954;0.14221;-0.16671;0.28522;
7.21349;5.78697;-6.26597;2.81594;0.14128;-0.15845;0.28854;
7.22114;5.78697;-6.26956;2.81475;0.13515;-0.15646;0.30053;
7.22881;5.75344;-6.25579;2.77164;0.13129;-0.15446;0.30705;
7.23646;5.74865;-6.28812;2.76445;0.13169;-0.15299;0.30892;
7.24412;5.74745;-6.29950;2.78062;0.13302;-0.15632;0.30958;
7.25175;5.77679;-6.29172;2.80098;0.13076;-0.16298;0.31105;
7.25940;5.73727;-6.28393;2.80098;0.13342;-0.17576;0.31331;
7.26704;5.70015;-6.27555;2.84828;0.13369;-0.18042;0.31211;
7.27468;5.69655;-6.26477;2.82433;0.13968;-0.18801;0.31371;
7.28232;5.74326;-6.29172;2.78960;0.14061;-0.18988;0.31478;
7.28997;5.70973;-6.26238;2.77283;0.14194;-0.19254;0.31251;
7.29762;5.66961;-6.27435;2.81774;0.14234;-0.18895;0.30985;
7.30528;5.70434;-6.28872;2.80816;0.14247;-0.17536;0.30412;
7.31292;5.73787;-6.29591;2.85187;0.14367;-0.18069;0.30399;
7.32056;5.71631;-6.25579;2.81056;0.14367;-0.20333;0.30412;
7.32822;5.70075;-6.28214;2.79918;0.14381;-0.20905;0.30239;
7.33584;5.74146;-6.29531;2.81295;0.13955;-0.20852;0.29760;
7.34349;5.76361;-6.28752;2.79858;0.14114;-0.20812;0.29733;
7.35115;5.74146;-6.28393;2.82433;0.14181;-0.22663;0.30226;
7.35881;5.69176;-6.28992;2.78182;0.14021;-0.25379;0.29973;
7.36646;5.69955;-6.27196;2.78361;0.14114;-0.25859;0.29653;
7.37411;5.68578;-6.24262;2.75427;0.14261;-0.25712;0.29068;
7.38176;5.70973;-6.25459;2.76864;0.14341;-0.25033;0.28788;
7.38940;5.72050;-6.25879;2.78241;0.14247;-0.23329;0.28175;
7.39704;5.73008;-6.27675;2.77822;0.14234;-0.22903;0.28056;
7.40468;5.74086;-6.28872;2.80457;0.13928;-0.22130;0.28056;
7.41232;5.75164;-6.29591;2.79978;0.13568;-0.21198;0.28202;
7.41998;5.77499;-6.24501;2.79439;0.12583;-0.18735;0.29041;
7.42763;5.77080;-6.25579;2.76026;0.12104;-0.17976;0.29440;
7.43525;5.71332;-6.26298;2.76625;0.11425;-0.17417;0.29454;
7.44292;5.70673;-6.28513;2.78361;0.11305;-0.17230;0.29307;
7.45055;5.73727;-6.26178;2.77882;0.11278;-0.17164;0.29107;
7.45820;5.73068;-6.27016;2.79020;0.11465;-0.17909;0.29494;
7.46583;5.70913;-6.28812;2.78361;0.11478;-0.19414;0.29560;
7.47348;5.69476;-6.30070;2.76505;0.11624;-0.19414;0.29600;
7.48111;5.71691;-6.26357;2.74349;0.12050;-0.19640;0.29201;
7.48875;5.71571;-6.28633;2.73391;0.12250;-0.20732;0.28974;
7.49640;5.73667;-6.26417;2.72733;0.12303;-0.20719;0.28881;
7.50404;5.75882;-6.25100;2.75308;0.12423;-0.20053;0.29068;
7.51166;5.76421;-6.27555;2.75966;0.12570;-0.20040;0.29227;
7.51931;5.75224;-6.27735;2.76685;0.12636;-0.19520;0.29800;
7.52696;5.77080;-6.26956;2.77104;0.12397;-0.19001;0.29906;
7.53461;5.75882;-6.27435;2.73571;0.12636;-0.18935;0.30439;
7.54227;5.73128;-6.29172;2.72374;0.12889;-0.19361;0.30865;
7.54992;5.74805;-6.26896;2.72074;0.13422;-0.19720;0.30852;
7.55757;5.74865;-6.27974;2.70937;0.13568;-0.19188;0.30799;
7.56522;5.70973;-6.24980;2.71296;0.14034;-0.18575;0.30599;
7.57286;5.69176;-6.26537;2.71535;0.14367;-0.19028;0.30492;
7.58052;5.68458;-6.27974;2.72074;0.14913;-0.20652;0.30013;
7.58814;5.70913;-6.27315;2.76086;0.15126;-0.20452;0.29667;
7.59580;5.75344;-6.26417;2.77343;0.15126;-0.18335;0.29360;
7.60344;5.75344;-6.27016;2.76984;0.14873;-0.18002;0.29454;
7.61108;5.70793;-6.24441;2.72972;0.14181;-0.18269;0.29920;
7.61872;5.70913;-6.26058;2.76086;0.13662;-0.18389;0.29893;
7.62637;5.74745;-6.25998;2.76206;0.13382;-0.17776;0.29733;
7.63402;5.73607;-6.24441;2.74170;0.12556;-0.16764;0.29733;
7.64166;5.74386;-6.26118;2.73571;0.12370;-0.16298;0.29613;
7.64932;5.73248;-6.27735;2.74349;0.11957;-0.14807;0.29214;
7.65697;5.67380;-6.24561;2.73391;0.11944;-0.13994;0.29094;
7.66462;5.68278;-6.28693;2.75188;0.12556;-0.13475;0.28362;
7.67228;5.69476;-6.24561;2.76086;0.12516;-0.13515;0.28016;
7.67992;5.72649;-6.26537;2.77583;0.12530;-0.12104;0.27257;
7.68758;5.75523;-6.25519;2.75427;0.12650;-0.11238;0.27137;
7.69524;5.75044;-6.24741;2.81714;0.12556;-0.10972;0.27483;
7.70289;5.74146;-6.24501;2.82912;0.12463;-0.11265;0.27496;
7.71054;5.74266;-6.27136;2.77523;0.12197;-0.11385;0.28215;
7.71818;5.75044;-6.25819;2.77762;0.12104;-0.11265;0.28362;
7.72582;5.74805;-6.27435;2.77044;0.12117;-0.12050;0.28775;
7.73346;5.74865;-6.23903;2.75727;0.12610;-0.12610;0.29041;
7.74110;5.69835;-6.27256;2.75068;0.12849;-0.12530;0.29028;
7.74875;5.67799;-6.26417;2.71535;0.14008;-0.12556;0.28562;
7.75641;5.69296;-6.26178;2.74469;0.14620;-0.12543;0.28229;
7.76406;5.74386;-6.27076;2.79439;0.15126;-0.11172;0.27962;
7.77171;5.78218;-6.26058;2.85486;0.15286;-0.10066;0.28016;
7.77936;5.80613;-6.24082;2.83930;0.14993;-0.09161;0.28854;
7.78700;5.75703;-6.24382;2.83271;0.14860;-0.09201;0.29307;
7.79462;5.75763;-6.24441;2.80696;0.14727;-0.09347;0.29613;
7.80227;5.75344;-6.22226;2.82373;0.14447;-0.09334;0.29866;
7.80992;5.77319;-6.25160;2.82073;0.14247;-0.09148;0.30412;
7.81755;5.77379;-6.24920;2.85666;0.13968;-0.09148;0.30799;
7.82519;5.76481;-6.25639;2.87402;0.13209;-0.08988;0.31078;
7.83282;5.79176;-6.26777;2.82014;0.13182;-0.08695;0.31185;
7.84047;5.77559;-6.28094;2.88241;0.13382;-0.06684;0.31491;
7.84811;5.75344;-6.28034;2.87762;0.13422;-0.06604;0.31904;
7.85576;5.73907;-6.22765;2.88181;0.13102;-0.08176;0.32077;
7.86341;5.75284;-6.24741;2.89618;0.13395;-0.08282;0.32277;
7.87106;5.73907;-6.25220;2.87283;0.13435;-0.08256;0.32183;
7.87872;5.73128;-6.27854;2.88480;0.14500;-0.09201;0.31864;
7.88635;5.73068;-6.26058;2.88780;0.14847;-0.09028;0.31717;
7.89399;5.78996;-6.25280;2.88540;0.14967;-0.07244;0.31558;
7.90163;5.77260;-6.24980;2.96444;0.14873;-0.06178;0.32103;
7.90927;5.77679;-6.25639;2.90516;0.14674;-0.04168;0.32450;
7.91692;5.76721;-6.26657;2.97521;0.14301;-0.03196;0.32490;
7.92454;5.74685;-6.27196;2.96563;0.14101;0.00093;0.32370;
7.93216;5.71092;-6.27016;2.95665;0.14168;0.02277;0.32250;
7.93978;5.77020;-6.28094;2.97222;0.13941;0.04727;0.31850;
7.94740;5.79774;-6.26417;3.00814;0.13542;0.05579;0.31930;
7.95501;5.76242;-6.27794;3.05185;0.12530;0.08722;0.32050;
7.96264;5.76661;-6.28932;3.07820;0.12184;0.10746;0.31997;
7.97026;5.73966;-6.28453;3.12131;0.11438;0.15286;0.32077;
7.97789;5.73248;-6.29471;3.15843;0.10812;0.18362;0.32037;
7.98553;5.69536;-6.28513;3.15304;0.09973;0.23009;0.31438;
7.99314;5.72709;-6.29950;3.21052;0.09827;0.25179;0.31305;
8.00075;5.68877;-6.29890;3.18897;0.10093;0.28455;0.31158;
8.00835;5.69296;-6.28453;3.22789;0.10599;0.24114;0.30665;
8.01598;5.76960;-6.29172;3.28417;0.10612;0.21997;0.30665;
8.02361;5.80852;-6.28274;3.34884;0.10346;0.21491;0.31398;
8.03126;5.71931;-6.31207;3.30094;0.10586;0.21638;0.31877;
8.03887;5.70494;-6.28453;3.31411;0.11038;0.19374;0.31691;
8.04650;5.77499;-6.29411;3.38476;0.11331;0.18282;0.31464;
8.05414;5.76960;-6.30369;3.36919;0.11611;0.19387;0.32064;
8.06177;5.73547;-6.27675;3.40512;0.11731;0.20120;0.32183;
8.06939;5.81750;-6.29531;3.47877;0.11398;0.20199;0.32396;
8.07702;5.78277;-6.28693;3.52547;0.11012;0.20000;0.32703;
8.08463;5.73068;-6.35159;3.51050;0.11345;0.19920;0.33382;
8.09225;5.67440;-6.35279;3.49254;0.11891;0.18828;0.33395;
8.09990;5.65165;-6.31567;3.52427;0.14234;0.12210;0.33408;
8.10752;5.71871;-6.31028;3.55780;0.14860;0.08921;0.33195;
8.11515;5.78936;-6.32704;3.62606;0.15326;0.08455;0.33209;
8.12279;5.78936;-6.31926;3.61648;0.15313;0.09947;0.33595;
8.13043;5.77739;-6.30010;3.65420;0.15779;0.12650;0.34087;
8.13804;5.75703;-6.29890;3.64522;0.15792;0.13941;0.34474;
8.14567;5.75703;-6.30728;3.63684;0.15632;0.16911;0.35312;
8.15330;5.78577;-6.30908;3.62366;0.15779;0.20466;0.35925;
8.16090;5.79894;-6.34321;3.80090;0.16098;0.22942;0.36191;
8.16854;5.73727;-6.33004;3.80628;0.16311;0.27163;0.36444;
8.17616;5.66901;-6.32704;3.82724;0.16285;0.27137;0.35978;
8.18378;5.63548;-6.33842;3.82964;0.16884;0.25033;0.34713;
8.19142;5.87858;-6.33123;3.86915;0.17283;0.24953;0.34354;
8.19906;5.78397;-6.37794;3.96316;0.19507;0.39747;0.34354;
8.20670;5.60315;-6.36656;4.09908;0.16804;0.43714;0.34167;
8.21431;5.58638;-6.36476;3.94759;0.17989;0.27683;0.33608;
8.22194;5.67380;-6.35219;4.07513;0.18309;0.15659;0.33488;
8.22958;5.80433;-6.34680;4.20865;0.18215;0.13102;0.33235;
8.23720;5.74026;-6.38812;4.21464;0.17270;0.17563;0.33049;
8.24484;5.64147;-6.39291;4.13620;0.17816;0.18974;0.32996;
8.25250;5.61452;-6.37674;4.13141;0.18442;0.14727;0.33302;
8.26014;5.67919;-6.37913;4.25296;0.19693;0.08429;0.33275;
8.26778;5.70494;-6.37494;4.13740;0.20239;0.09268;0.33022;
8.27542;5.71212;-6.36896;4.10746;0.20612;0.12210;0.33075;
8.28304;5.66662;-6.37614;4.04219;0.21052;0.11731;0.33049;
8.29066;5.61033;-6.39889;4.25116;0.22836;0.10080;0.32556;
8.29826;5.64386;-6.33483;4.05956;0.23102;0.08762;0.32330;
8.30590;5.63728;-6.36117;4.55772;0.22836;0.08575;0.32543;
8.31352;5.70733;-6.37135;4.38947;0.22104;0.12343;0.33062;
8.32116;5.71931;-6.37135;4.41342;0.21851;0.16058;0.32663;
8.32881;5.74685;-6.35099;4.52719;0.20199;0.19134;0.31837;
8.33645;5.64446;-6.35818;4.37690;0.20093;0.15033;0.31757;
8.34408;5.64805;-6.40668;4.41342;0.20333;0.04620;0.32956;
8.35169;5.68338;-6.41207;4.70202;0.20186;0.04660;0.33861;
8.35931;5.76002;-6.40428;4.50503;0.18974;0.14687;0.35832;
8.36691;5.74984;-6.41865;4.46611;0.18642;0.20759;0.36537;
8.37455;5.64865;-6.43781;4.55533;0.18042;0.26631;0.36551;
8.38217;5.62171;-6.44619;4.54036;0.18668;0.26511;0.36032;
8.38980;5.63967;-6.42404;4.55293;0.20239;0.27243;0.35579;
8.39742;5.65584;-6.45518;4.70082;0.20998;0.29733;0.35739;
8.40506;5.61991;-6.44859;4.65113;0.21811;0.33994;0.36032;
8.41270;5.60734;-6.42644;4.66670;0.22889;0.36231;0.35672;
8.42032;5.56483;-6.41626;4.70561;0.24514;0.34980;0.33901;
8.42796;5.55585;-6.38392;4.80441;0.25419;0.30572;0.33608;
8.43558;5.60914;-6.46895;4.74214;0.24567;0.18082;0.34354;
8.44322;5.65823;-6.47973;4.77028;0.23582;0.17909;0.35619;
8.45084;5.61512;-6.42644;4.83255;0.22716;0.21504;0.35938;
8.45846;5.62231;-6.40548;4.94691;0.21611;0.23622;0.36737;
8.46610;5.59177;-6.35399;5.02176;0.20226;0.23182;0.37177;
8.47372;5.52411;-6.41087;4.96128;0.19454;0.24221;0.36444;
8.48136;5.52830;-6.37614;5.04032;0.19467;0.24687;0.35459;
8.48900;5.43071;-6.40308;5.02954;0.19534;0.24833;0.33555;
8.49660;5.47442;-6.44979;5.00978;0.18721;0.21757;0.32822;
8.50422;5.59477;-6.41566;5.10678;0.20253;0.15206;0.31957;
8.51186;5.63608;-6.43781;5.13672;0.20239;0.13742;0.32103;
8.51948;5.63907;-6.42704;5.09241;0.19534;0.15539;0.33395;
8.52710;5.59237;-6.42644;5.12235;0.19747;0.17896;0.34194;
8.53473;5.48579;-6.45218;5.17923;0.20532;0.19600;0.34048;
8.54235;5.53369;-6.44380;5.18103;0.20998;0.18801;0.33968;
8.54998;5.64506;-6.46296;5.29898;0.19880;0.18775;0.35166;
8.55762;5.61213;-6.44919;5.27443;0.19401;0.21704;0.35898;
8.56526;5.51633;-6.45158;5.27204;0.18855;0.29827;0.36990;
8.57289;5.44987;-6.47613;5.29000;0.19227;0.33928;0.36205;
8.58053;5.39299;-6.45817;5.31215;0.19161;0.31811;0.35752;
8.58817;5.41933;-6.47374;5.44448;0.19321;0.23049;0.35632;
8.59580;5.44388;-6.47793;5.46963;0.19227;0.19307;0.35552;
8.60343;5.44448;-6.47314;5.47442;0.19307;0.15379;0.35099;
8.61105;5.44987;-6.47673;5.47861;0.19148;0.14034;0.34793;
8.61868;5.42113;-6.49050;5.48340;0.18642;0.13462;0.34434;
8.62631;5.44568;-6.48811;5.44508;0.18775;0.14128;0.34287;
8.63394;5.43909;-6.49529;5.66482;0.19188;0.13302;0.34447;
8.64159;5.40376;-6.46835;5.63069;0.18628;0.11212;0.34181;
8.64921;5.47202;-6.47733;5.62949;0.17949;0.08402;0.34101;
8.65682;5.45406;-6.50607;5.60315;0.17377;0.09494;0.34141;
8.66445;5.44687;-6.50787;5.64327;0.16817;0.13302;0.34154;
8.67208;5.41993;-6.51685;5.70733;0.16351;0.13608;0.34514;
8.67970;5.43370;-6.51326;5.70254;0.16005;0.12543;0.34407;
8.68732;5.42113;-6.49230;5.70194;0.15912;0.12836;0.34167;
8.69495;5.36185;-6.48871;5.70015;0.15792;0.14607;0.33888;
8.70258;5.40316;-6.49769;5.71991;0.16018;0.15592;0.33408;
8.71022;5.35047;-6.50248;5.78098;0.16511;0.16871;0.32516;
8.71784;5.34089;-6.49948;5.80253;0.16924;0.14101;0.32330;
8.72548;5.36425;-6.51086;5.84984;0.17084;0.12024;0.32463;
8.73311;5.37023;-6.50667;5.83367;0.17536;0.11132;0.32596;
8.74075;5.34389;-6.51385;5.76601;0.17749;0.11598;0.32822;
8.74838;5.34987;-6.52643;5.86301;0.19640;0.09960;0.32623;
8.75600;5.29000;-6.51505;5.90372;0.20146;0.07710;0.32463;
8.76360;5.30736;-6.53481;5.91630;0.21544;0.04048;0.32050;
8.77120;5.36125;-6.49948;5.96539;0.21717;0.03409;0.32197;
8.77882;5.37442;-6.50008;5.97198;0.20692;0.04900;0.32556;
8.78642;5.38161;-6.52703;5.95941;0.19614;0.05885;0.32849;
8.79405;5.33550;-6.50427;6.03126;0.18695;0.07164;0.33315;
8.80168;5.32712;-6.50128;6.04204;0.18362;0.07510;0.33395;
8.80930;5.33131;-6.51385;6.03006;0.18189;0.08003;0.33728;
8.81690;5.34089;-6.50427;6.07976;0.18029;0.08562;0.33874;
8.82450;5.34209;-6.56116;6.00731;0.17803;0.10905;0.33728;
8.83212;5.26186;-6.54679;6.10730;0.18588;0.11252;0.33262;
8.83976;5.26844;-6.50308;6.14023;0.19188;0.07643;0.32596;
8.84741;5.26904;-6.53421;6.11089;0.18855;0.05792;0.32450;
8.85502;5.27623;-6.51984;6.14981;0.18269;0.06005;0.32663;
8.86266;5.25707;-6.55337;6.13424;0.18189;0.06445;0.32623;
8.87030;5.26425;-6.52284;6.17077;0.18402;0.05393;0.32423;
8.87793;5.26545;-6.53421;6.23244;0.18895;0.05100;0.32822;
8.88556;5.26785;-6.54679;6.17676;0.18935;0.05832;0.32929;
8.89320;5.27264;-6.53780;6.18454;0.19041;0.08349;0.32809;
8.90081;5.26306;-6.52284;6.22106;0.19028;0.09507;0.32729;
8.90842;5.24270;-6.51385;6.29711;0.19094;0.10413;0.32543;
8.91606;5.24569;-6.52942;6.29830;0.19121;0.10839;0.32609;
8.92369;5.19480;-6.52164;6.32345;0.19454;0.10160;0.32862;
8.93132;5.19899;-6.52643;6.29531;0.19840;0.08136;0.32862;
8.93896;5.25467;-6.56415;6.38452;0.19960;0.04754;0.32996;
8.94659;5.26365;-6.52403;6.36357;0.19680;0.04993;0.33502;
8.95420;5.20617;-6.54619;6.42644;0.18202;0.07137;0.34127;
8.96183;5.19659;-6.53062;6.42105;0.17363;0.06258;0.34354;
8.96946;5.23970;-6.53481;6.42644;0.15286;0.03662;0.34700;
8.97708;5.22533;-6.52284;6.43482;0.13981;0.05153;0.34833;
8.98471;5.21755;-6.54140;6.48392;0.12836;0.09041;0.34820;
8.99234;5.16187;-6.54619;6.45997;0.12969;0.10253;0.34833;
9.00000;5.14989;-6.55876;6.47434;0.13515;0.10439;0.34394;
9.00761;5.14271;-6.53601;6.48811;0.14727;0.08935;0.34234;
9.01523;5.12235;-6.55996;6.48751;0.14807;0.08522;0.34154;
9.02287;5.10977;-6.56056;6.55038;0.15832;0.06245;0.33888;
9.03048;5.09481;-6.54798;6.56415;0.16192;0.04754;0.33661;
9.03810;5.10918;-6.55277;6.58571;0.16817;0.00573;0.32769;
9.04572;5.10439;-6.55337;6.54858;0.16911;-0.00799;0.32463;
9.05335;5.11816;-6.57074;6.56654;0.16977;-0.01531;0.31877;
9.06099;5.03253;-6.58810;6.56535;0.17150;-0.00706;0.31597;
9.06863;5.14809;-6.56595;6.66175;0.17536;0.00333;0.30652;
9.07625;5.06547;-6.53301;6.59169;0.18362;-0.00626;0.29946;
9.08388;5.14211;-6.53122;6.69767;0.18815;-0.02530;0.28761;
9.09152;5.16366;-6.55996;6.65396;0.18295;-0.01132;0.28748;
9.09917;5.12654;-6.54319;6.72941;0.17616;0.01984;0.29281;
9.10680;5.12235;-6.52583;6.76294;0.17124;0.01411;0.29600;
9.11444;5.10498;-6.55457;6.73001;0.15632;-0.03462;0.30000;
9.12206;5.11816;-6.55816;6.71923;0.15539;-0.04767;0.30213;
9.12971;5.09660;-6.55337;6.69827;0.15006;-0.02517;0.30000;
9.13734;5.09002;-6.55277;6.71743;0.15140;-0.02304;0.30346;
9.14496;5.12295;-6.50308;6.79048;0.14354;-0.01238;0.31265;
9.15262;5.15049;-6.53242;6.78629;0.13302;0.04035;0.31997;
9.16025;5.08283;-6.53481;6.79287;0.13395;0.06258;0.32343;
9.16789;5.04511;-6.55996;6.77850;0.12943;0.06711;0.32516;
9.17552;5.08283;-6.53960;6.84497;0.12876;0.05193;0.32649;
9.18313;5.09241;-6.54858;6.86712;0.12197;0.06338;0.33542;
9.19078;5.08343;-6.52822;6.86413;0.11318;0.08469;0.34008;
9.19840;5.07265;-6.53481;6.88628;0.10399;0.11904;0.34633;
9.20602;5.03253;-6.55337;6.87071;0.09667;0.12170;0.35006;
9.21363;4.99062;-6.55936;6.85874;0.09347;0.10066;0.35299;
9.22125;5.00379;-6.55876;6.92819;0.10000;0.09441;0.35113;
9.22886;5.04511;-6.57972;6.91083;0.10586;0.13302;0.35166;
9.23650;5.00379;-6.59349;6.98807;0.10612;0.16365;0.35193;
9.24410;4.96667;-6.57373;7.06231;0.10932;0.19227;0.35139;
9.25174;4.91398;-6.59529;6.97669;0.10572;0.18588;0.35139;
9.25938;4.94392;-6.57493;7.07489;0.11425;0.16258;0.34607;
9.26702;4.92775;-6.56834;7.07130;0.11904;0.17976;0.34207;
9.27465;4.92117;-6.60427;7.07668;0.11744;0.21198;0.33701;
9.28229;4.89722;-6.59588;7.11261;0.12037;0.21185;0.33781;
9.28992;4.85231;-6.61025;7.15692;0.12490;0.16298;0.33502;
9.29756;4.85770;-6.60606;7.15572;0.13342;0.08056;0.33075;
9.30518;4.92835;-6.59469;7.19644;0.13156;0.07177;0.32649;
9.31282;4.94152;-6.61684;7.20901;0.11238;0.11052;0.33182;
9.32046;4.88105;-6.60187;7.22697;0.10506;0.12929;0.33448;
9.32808;4.88823;-6.61864;7.30122;0.09587;0.16245;0.33874;
9.33571;4.84153;-6.60666;7.27367;0.09600;0.18468;0.33874;
9.34333;4.86967;-6.60067;7.29164;0.09228;0.23209;0.33901;
9.35093;4.85171;-6.61983;7.34612;0.08895;0.24887;0.34101;
9.35856;4.77926;-6.63420;7.32996;0.08615;0.23395;0.34101;
9.36619;4.78585;-6.63600;7.42935;0.08748;0.20399;0.33781;
9.37381;4.77447;-6.61025;7.42456;0.10146;0.14128;0.33488;
9.38144;4.76010;-6.64857;7.40540;0.09720;0.12410;0.33435;
9.38904;4.76549;-6.62343;7.40241;0.10000;0.12423;0.33555;
9.39666;4.77567;-6.63780;7.44731;0.09893;0.12636;0.33555;
9.40428;4.76908;-6.63720;7.52216;0.10479;0.13289;0.33834;
9.41192;4.74932;-6.66294;7.53593;0.10279;0.13076;0.33715;
9.41953;4.70981;-6.65037;7.52575;0.10945;0.11957;0.33142;
9.42716;4.68466;-6.66354;7.53294;0.11012;0.11718;0.32596;
9.43479;4.69424;-6.65037;7.56706;0.12064;0.11624;0.31877;
9.44243;4.69065;-6.68809;7.56527;0.11877;0.10133;0.31917;
9.45006;4.67268;-6.66474;7.62634;0.12024;0.08149;0.31930;
9.45768;4.66250;-6.66714;7.61257;0.12357;0.03955;0.31438;
9.46532;4.73555;-6.66175;7.67424;0.12477;0.03009;0.31171;
9.47293;4.70801;-6.67372;7.67604;0.12263;0.02943;0.31531;
9.48056;4.67927;-6.66235;7.69041;0.11864;0.02543;0.31864;
9.48818;4.67448;-6.65576;7.68741;0.10972;0.03063;0.32516;
9.49581;4.66670;-6.65815;7.69280;0.10772;0.04035;0.32902;
9.50342;4.62358;-6.65037;7.74010;0.10186;0.06138;0.33089;
9.51103;4.63796;-6.66773;7.73531;0.10266;0.06471;0.33036;
9.51866;4.62598;-6.65516;7.75328;0.10719;0.06485;0.32623;
9.52630;4.60443;-6.68031;7.79040;0.11185;0.06285;0.32143;
9.53391;4.59305;-6.67971;7.77423;0.11771;0.05965;0.31904;
9.54152;4.60682;-6.67851;7.76405;0.12250;0.06178;0.31917;
9.54914;4.62239;-6.64977;7.82573;0.12663;0.08535;0.31970;
9.55675;4.60203;-6.66414;7.84429;0.12903;0.10519;0.31890;
9.56437;4.63855;-6.65277;7.90297;0.12516;0.14913;0.32210;
9.57201;4.61520;-6.69408;7.88021;0.12197;0.17789;0.32503;
9.57962;4.56251;-6.65576;7.89458;0.11758;0.24860;0.32237;
9.58726;4.53916;-6.67731;7.91015;0.11305;0.26871;0.32103;
9.59492;4.48527;-6.69588;7.95925;0.11065;0.25952;0.32383;
9.60253;4.47509;-6.70785;7.99158;0.10919;0.22250;0.32703;
9.61015;4.45533;-6.70546;8.05086;0.10932;0.20333;0.32570;
9.61776;4.42600;-6.68270;8.05804;0.10586;0.15899;0.32623;
9.62536;4.44875;-6.67731;8.10415;0.10386;0.14381;0.32343;
9.63299;4.42779;-6.67971;8.07122;0.09521;0.13169;0.32237;
9.64063;4.44695;-6.68929;8.09337;0.09214;0.14141;0.32130;
9.64826;4.44575;-6.66534;8.17779;0.09108;0.20066;0.31651;
9.65588;3.36321;-6.86472;10.12554;0.08642;0.23914;0.31518;
9.66359;5.39658;-6.62462;6.51086;0.09414;0.47296;0.34607;
9.67122;4.42360;-6.74198;8.13768;0.06458;0.60079;0.32716;
9.67886;4.57628;-6.68091;7.91434;0.08282;0.48974;0.32982;
9.68649;4.36612;-6.80605;8.41131;0.09787;0.47483;0.33315;
9.69411;4.15177;-6.76892;8.41011;0.09321;0.49001;0.34167;
9.70173;4.17332;-6.78808;8.60590;0.09068;0.49134;0.35259;
9.70934;4.37151;-6.67312;8.09696;0.09720;0.56391;0.35965;
9.71695;4.30265;-6.70665;8.19456;0.09481;0.59027;0.35339;
9.72457;4.23200;-6.70965;8.39394;0.11078;0.56071;0.35499;
9.73219;3.96795;-6.79467;8.50950;0.14674;0.55019;0.35113;
9.73981;3.93562;-6.70665;8.60291;0.16445;0.53861;0.33901;
9.74743;3.79551;-6.73599;8.67356;0.18682;0.41491;0.33049;
9.75507;4.12782;-6.78509;8.65440;0.19201;0.36990;0.33275;
9.76268;4.11764;-6.77850;8.67117;0.18535;0.32809;0.33475;
9.77031;3.93801;-6.86233;9.06335;0.17789;0.30559;0.33901;
9.77794;4.03621;-6.75396;9.01605;0.16591;0.31371;0.35352;
9.78556;3.71408;-6.78150;9.82317;0.17576;0.34607;0.36697;
9.79318;4.17691;-6.66893;8.52687;0.16658;0.45619;0.36830;
9.80081;3.94400;-6.74318;9.03761;0.14727;0.47163;0.36032;
9.80842;3.79012;-6.85514;9.41003;0.14993;0.38468;0.36418;
9.81604;3.90568;-6.78509;9.02084;0.16751;0.36205;0.37510;
9.82366;3.89310;-6.70785;8.71428;0.17909;0.36258;0.37110;
9.83126;3.72605;-6.73899;9.15915;0.18202;0.34194;0.36844;
9.83890;3.68414;-6.76354;9.08371;0.17563;0.28482;0.36258;
9.84653;3.85299;-6.68869;8.70530;0.18042;0.27696;0.36617;
9.85416;3.51409;-6.85335;9.31423;0.18615;0.23369;0.35512;
9.86179;3.82185;-6.70126;8.95977;0.20492;0.22037;0.35739;
9.86941;3.70031;-6.74078;9.09808;0.21345;0.22277;0.34181;
9.87702;3.66977;-6.78210;9.42740;0.22010;0.12903;0.34540;
9.88463;3.70270;-6.80305;9.19568;0.21544;0.10293;0.34593;
9.89225;3.60750;-6.82281;9.37471;0.21424;0.11984;0.35605;
9.89987;3.70031;-6.71983;9.30944;0.20879;0.15965;0.35858;
9.90750;3.71527;-6.72521;9.18251;0.19347;0.19201;0.35605;
9.91512;3.76198;-6.68270;9.18670;0.19361;0.18522;0.35446;
9.92276;3.65061;-6.69348;9.26873;0.18495;0.14714;0.34301;
9.93040;3.60510;-6.70725;9.34716;0.17843;0.11331;0.33968;
9.93803;3.54942;-6.73180;9.41602;0.14940;0.04301;0.34048;
9.94564;3.54463;-6.73959;9.40764;0.13648;0.01651;0.34074;
9.95329;3.56379;-6.77012;9.44296;0.12809;0.00519;0.33488;
9.96090;3.57636;-6.75515;9.46572;0.12317;0.01158;0.33302;
9.96852;3.55421;-6.78389;9.38249;0.11877;0.02623;0.33155;
9.97615;3.49433;-6.79168;9.44236;0.12090;0.03529;0.32769;
9.98377;3.51110;-6.74857;9.42620;0.12983;0.05060;0.32077;
9.99137;3.49912;-6.78808;9.44656;0.13169;0.06072;0.31837;
9.99900;3.48775;-6.79347;9.47230;0.13941;0.06445;0.31771;
10.00663;3.47996;-6.80126;9.48847;0.14367;0.05606;0.31637;
10.01429;3.48894;-6.74497;9.54954;0.14993;0.04767;0.31371;
10.02198;3.49793;-6.76234;9.54894;0.15206;0.07137;0.31238;
10.02966;3.48176;-6.75515;9.55134;0.15086;0.09560;0.31078;
10.03734;3.47877;-6.75216;9.53158;0.15100;0.14927;0.30586;
10.04504;3.40931;-6.73240;9.57708;0.14900;0.16245;0.30199;
10.05270;3.45062;-6.75635;9.59265;0.14247;0.24607;0.29334;
10.06039;3.43685;-6.72402;9.66211;0.13875;0.31491;0.28974;
10.06808;3.96436;-6.68929;9.06515;0.13369;0.48828;0.31318;
10.07576;3.59313;-6.75874;9.56511;0.11984;0.68654;0.31012;
10.08346;2.95366;-6.92759;10.00340;0.08642;0.78295;0.30745;
10.09118;3.25483;-6.78749;9.50823;0.09174;0.70971;0.31291;
10.09886;3.11712;-6.81144;9.97645;0.08748;0.58734;0.31997;
10.10654;3.12550;-6.76952;10.00639;0.08988;0.54234;0.32290;
10.11426;3.15544;-6.76773;9.89083;0.09001;0.49320;0.32836;
10.12193;3.16442;-6.73719;9.69384;0.08682;0.41704;0.33022;
10.12962;2.87881;-6.78090;10.02196;0.09307;0.33781;0.32383;
10.13734;3.01293;-6.69647;9.93215;0.09933;0.21012;0.31691;
10.14504;3.06203;-6.73599;10.06746;0.09494;0.19880;0.31624;
10.15275;3.05904;-6.75755;10.07465;0.07936;0.21611;0.31757;
10.16048;3.01293;-6.74617;10.04531;0.07603;0.20852;0.32197;
10.16822;3.02970;-6.70905;10.03753;0.08016;0.20759;0.32103;
10.17594;2.91234;-6.79527;10.17464;0.08256;0.21238;0.31970;
10.18371;2.90037;-6.79048;10.15668;0.09707;0.24327;0.31105;
10.19142;2.83211;-6.80545;10.19560;0.10572;0.25419;0.31211;
10.19918;2.93929;-6.75575;10.13932;0.10892;0.24926;0.31850;
10.20692;2.89618;-6.75336;10.11297;0.11078;0.25619;0.31424;
10.21466;2.83690;-6.80964;10.16506;0.11398;0.26271;0.31238;
10.22239;2.82133;-6.80126;10.23512;0.12756;0.28402;0.31451;
10.23015;2.75607;-6.85275;10.25787;0.14048;0.28748;0.31491;
10.23789;2.68841;-6.83000;10.30517;0.16764;0.27496;0.31757;
10.24562;2.69679;-6.82461;10.32313;0.18309;0.25938;0.31771;
10.25338;2.71535;-6.78749;10.39439;0.20080;0.25100;0.31531;
10.26111;2.66865;-6.81503;10.42253;0.20612;0.25246;0.31384;
10.26886;2.62853;-6.78868;10.48599;0.20586;0.25712;0.31611;
10.27659;2.61117;-6.77551;10.51952;0.20160;0.25992;0.31664;
10.28434;2.61177;-6.78509;10.52072;0.17843;0.24447;0.31930;
10.29208;2.60099;-6.76054;10.52252;0.14993;0.27163;0.32077;
10.29980;2.54411;-6.76533;10.51294;0.14234;0.28428;0.32157;
10.30754;2.52255;-6.79707;10.50216;0.14700;0.30119;0.31984;
10.31528;2.50998;-6.79946;10.53928;0.15033;0.32077;0.31930;
10.32304;2.50519;-6.77791;10.65664;0.15419;0.38748;0.32197;
10.33077;2.49082;-6.76473;10.65604;0.14860;0.42356;0.32343;
10.33850;2.45549;-6.81084;10.69795;0.14341;0.52130;0.33075;
10.34624;2.39083;-6.79347;10.70155;0.14367;0.58029;0.33142;
10.35398;2.21420;-6.78988;10.74585;0.14594;0.61677;0.33328;
10.36173;2.18546;-6.77970;10.74406;0.15712;0.51903;0.33488;
10.36948;2.19444;-6.77970;10.86381;0.16072;0.47283;0.33581;
10.37724;2.17228;-6.79467;10.87938;0.16245;0.42356;0.33661;
10.38498;2.11600;-6.78808;10.86441;0.16471;0.41478;0.33195;
10.39272;2.11780;-6.79228;10.91770;0.17310;0.43102;0.32556;
10.40044;2.05313;-6.79108;10.94404;0.17723;0.44660;0.33022;
10.40817;2.28964;-6.73180;10.61173;0.18935;0.45752;0.36444;
10.41591;2.22078;-6.74976;11.04044;0.19041;0.57017;0.37083;
10.42364;1.84596;-6.65277;10.88417;0.17257;0.61331;0.35739;
10.43139;1.74597;-6.69109;10.94284;0.17403;0.48868;0.34713;
10.43913;1.79028;-6.73360;11.06918;0.17097;0.23515;0.33022;
10.44688;1.82441;-6.73060;11.12846;0.15579;0.14647;0.32676;
10.45462;1.87350;-6.75635;11.10511;0.14500;0.15233;0.32623;
10.46237;1.89147;-6.75515;11.15181;0.13475;0.20825;0.33022;
10.47012;1.83159;-6.80006;11.13504;0.13462;0.23435;0.33222;
10.47786;1.74178;-6.75635;11.17576;0.13728;0.26032;0.33874;
10.48561;1.70106;-6.75874;11.22067;0.13702;0.25419;0.33981;
10.49334;1.63041;-6.79048;11.22366;0.13209;0.19094;0.33954;
10.50108;1.64478;-6.78928;11.25120;0.12889;0.15153;0.33502;
10.50881;1.66574;-6.80186;11.29850;0.12184;0.10932;0.32969;
10.51657;1.63759;-6.77312;11.31168;0.11571;0.10120;0.32849;
10.52432;1.55557;-6.78569;11.28413;0.10612;0.06298;0.32676;
10.53207;1.55078;-6.80724;11.25899;0.11305;0.00373;0.32410;
10.53978;1.61843;-6.78389;11.27994;0.11704;-0.00146;0.32396;
10.54753;1.62442;-6.81383;11.27515;0.12104;0.03156;0.32370;
10.55527;1.60945;-6.78150;11.27635;0.12756;0.04927;0.32143;
10.56300;1.54239;-6.81144;11.26078;0.13781;0.06192;0.31850;
10.57073;1.51724;-6.79886;11.28294;0.14008;0.05859;0.31744;
10.57845;1.52862;-6.76593;11.41107;0.13968;0.05899;0.31225;
10.58621;1.46575;-6.80784;11.37574;0.13342;0.05739;0.30892;
10.59394;1.38971;-6.80605;11.36856;0.13568;-0.02077;0.30372;
10.60169;1.42204;-6.80245;11.33443;0.15006;-0.13249;0.29547;
10.60944;1.58131;-6.77371;11.40389;0.15313;-0.12104;0.29334;
10.61721;1.53760;-6.78689;11.45179;0.13582;-0.06418;0.28948;
10.62496;1.49689;-6.77072;11.37814;0.12330;-0.05526;0.29054;
10.63272;1.47833;-6.79527;11.38772;0.12130;-0.04075;0.29534;
10.64050;1.43941;-6.78449;11.35898;0.12943;-0.04314;0.29680;
10.64824;1.45617;-6.76294;11.42544;0.14500;-0.07084;0.30000;
10.65598;1.48072;-6.77731;11.41646;0.14487;-0.07550;0.30319;
10.66373;1.48970;-6.77551;11.42484;0.14354;-0.07284;0.31305;
10.67148;1.48970;-6.77611;11.41766;0.14620;-0.03382;0.32223;
10.67925;1.45138;-6.76713;11.40808;0.14714;-0.00692;0.32423;
10.68699;1.46216;-6.79287;11.42604;0.14208;0.02983;0.32649;
10.69475;1.40827;-6.81862;11.43263;0.13955;0.03076;0.32809;
10.70248;1.41067;-6.80724;11.44580;0.14367;0.05073;0.32716;
10.71021;0.70234;-7.11321;13.73903;0.15313;0.09667;0.34327;
10.71794;1.09273;-6.88448;11.72182;0.12969;0.51797;0.36245;
10.72567;1.29151;-6.77970;11.45238;0.11252;0.56923;0.36338;
10.73342;1.26517;-6.70965;11.41107;0.11731;0.34474;0.35685;
10.74117;1.07956;-6.78210;11.52783;0.12743;0.23555;0.34953;
10.74893;1.34181;-6.75695;11.35479;0.14540;0.11278;0.34367;
10.75666;1.14183;-6.79587;11.66255;0.15073;0.11877;0.34460;
10.76442;1.10231;-6.77671;11.68590;0.14753;0.14287;0.34514;
10.77216;0.96459;-6.81802;11.81583;0.14381;0.21251;0.35672;
10.77989;1.11129;-6.75575;11.64039;0.13808;0.24207;0.35632;
10.78762;1.26158;-6.75575;11.59609;0.14714;0.23755;0.35792;
10.79536;1.15679;-6.78689;11.64279;0.15286;0.26484;0.35472;
10.80310;0.98675;-6.81084;11.78050;0.15393;0.29201;0.36111;
10.81082;1.14602;-6.74318;11.36736;0.14407;0.27616;0.36071;
10.81858;0.97298;-6.79287;11.70207;0.14780;0.29973;0.34447;
10.82630;1.01728;-6.77371;11.72242;0.15579;0.33302;0.34394;
10.83405;0.74305;-6.81263;11.82960;0.14208;0.37763;0.34234;
10.84178;0.76940;-6.83239;11.95833;0.12690;0.39866;0.35286;
10.84952;0.76701;-6.92041;11.89666;0.12410;0.43768;0.35446;
10.85724;1.01249;-6.79108;11.69608;0.13156;0.46777;0.36644;
10.86498;0.65264;-6.89346;11.73799;0.13302;0.44766;0.37083;
10.87271;0.77718;-6.80006;11.85535;0.14008;0.37736;0.37549;
10.88042;0.67300;-6.80006;11.82421;0.14141;0.34540;0.37177;
10.88812;0.68198;-6.76892;11.84517;0.14700;0.30838;0.35273;
10.89584;0.80353;-6.72402;11.85954;0.14514;0.33315;0.34034;
10.90358;0.90113;-6.68390;11.86193;0.14381;0.51358;0.30985;
10.91130;0.78736;-6.77371;12.03617;0.12996;0.67469;0.29693;
10.91905;0.59217;-6.79587;12.09126;0.12556;1.04779;0.30013;
10.92678;0.43290;-6.75515;12.02180;0.10919;1.15525;0.29933;
10.93452;0.30776;-6.78509;12.03976;0.09760;1.13194;0.30186;
10.94224;0.01916;-6.85455;12.17927;0.08522;1.08108;0.30972;
10.94996;0.14131;-6.79347;12.08886;0.08362;1.02103;0.31558;
10.95770;-0.07305;-6.83479;12.17987;0.08828;0.84606;0.31571;
10.96544;-0.10299;-6.84796;12.15293;0.10772;0.75219;0.31544;
10.97322;-0.11975;-6.84257;12.19484;0.15339;0.60678;0.32463;
10.98099;-0.14789;-6.84676;12.27747;0.16804;0.56231;0.32982;
10.98875;-0.15029;-6.81203;12.35651;0.16791;0.52889;0.33462;
10.99652;-0.14190;-6.82940;12.37626;0.16604;0.61051;0.33834;
11.00429;-0.29099;-6.83958;12.37686;0.16737;0.65965;0.34061;
11.01205;-0.35386;-6.81862;12.47985;0.16831;0.67070;0.34540;
11.01982;-0.49397;-6.81802;12.51697;0.16112;0.64939;0.34660;
11.02759;0.00120;-6.83479;11.87870;0.16085;0.66710;0.36817;
11.03529;-1.07956;-7.07788;12.88760;0.14354;0.76990;0.37696;
11.04305;-0.85442;-6.89466;12.73312;0.11917;1.00358;0.44926;
11.05082;-0.44966;-6.74617;12.26909;0.10426;1.07828;0.45645;
11.05858;-0.77539;-6.77371;12.54212;0.10120;1.00025;0.46098;
11.06634;-1.21906;-6.77791;12.69241;0.11984;0.82582;0.49094;
11.07411;-1.55557;-6.94915;12.50440;0.13302;0.74699;0.52010;
11.08188;-1.88368;-6.90843;13.10016;0.17457;0.67349;0.59280;
11.08964;-0.50715;-6.78569;12.64151;0.19054;0.72209;0.59547;
11.09741;-0.61792;-6.68390;12.55290;0.17417;0.78028;0.51397;
11.10518;-0.59277;-6.64798;12.43734;0.15752;0.76604;0.45712;
11.11295;-1.17356;-6.78329;12.66127;0.13595;0.61570;0.35459;
11.12074;-1.31427;-6.80605;12.66726;0.13196;0.51384;0.33555;
11.12851;-1.39390;-6.87969;12.92951;0.11465;0.47363;0.32197;
11.13628;-1.22805;-6.86532;12.87922;0.10479;0.72489;0.31864;
11.14405;-1.51245;-6.93897;12.95406;0.10426;0.88308;0.31944;
11.15181;-1.51784;-6.91442;12.87742;0.10959;1.12489;0.33155;
11.15962;-1.79866;-6.92640;12.90856;0.11078;1.18680;0.33661;
11.16738;-1.89147;-6.76653;12.87383;0.08722;1.10518;0.33635;
11.17517;-2.00822;-6.82581;12.85527;0.08109;1.01890;0.33075;
11.18293;-2.08367;-6.79168;12.89479;0.10226;0.82010;0.33036;
11.19070;-2.12259;-6.81144;12.93670;0.10386;0.73648;0.32876;
11.19848;-2.09504;-6.86293;12.91155;0.09774;0.64021;0.32743;
11.20625;-2.14354;-6.89346;12.94388;0.11172;0.62942;0.33502;
11.21402;-2.18306;-6.88209;12.98699;0.11318;0.64660;0.33448;
11.22178;-2.17647;-6.91742;12.99059;0.11598;0.75245;0.33595;
11.22956;-2.08846;-6.86592;12.99418;0.10959;0.83301;0.34074;
11.23733;-2.48902;-6.85514;13.09896;0.08189;0.99080;0.35046;
11.24508;-2.56507;-6.86592;13.10315;0.06977;1.03634;0.34767;
11.25286;-2.49860;-6.84197;13.01992;0.06298;1.06190;0.34327;
11.26062;-2.92133;-6.88568;13.11752;0.06152;1.04446;0.33821;
11.26840;-2.91713;-6.91562;13.04567;0.05806;0.94193;0.33142;
11.27618;-2.96024;-6.90963;13.08399;0.06698;0.89386;0.33275;
11.28393;-2.79379;-6.91682;13.13788;0.07297;0.93061;0.33422;
11.29172;-2.93869;-6.93658;13.15884;0.07896;1.08454;0.34207;
11.29949;-2.95665;-6.90245;13.13788;0.08722;1.16390;0.34394;
11.30727;-3.16502;-6.94137;13.12531;0.09374;1.27002;0.34727;
11.31504;-3.42907;-6.94675;13.11153;0.09547;1.28134;0.34913;
11.32281;-3.50032;-6.98148;13.14626;0.09294;1.25871;0.34727;
11.33061;-3.56080;-6.94855;13.15524;0.09560;1.27096;0.34713;
11.33836;-3.72964;-6.94735;13.17141;0.10706;1.35711;0.34886;
11.34614;-3.82664;-6.93658;13.22290;0.11438;1.45830;0.35179;
11.35391;-3.96975;-6.93658;13.20434;0.11824;1.49812;0.35273;
11.36171;-4.07992;-6.93658;13.17800;0.11465;1.48653;0.35113;
11.36952;-4.27152;-6.93358;13.12531;0.11198;1.43860;0.34900;
11.37730;-4.26673;-6.95274;13.19237;0.12011;1.33753;0.34713;
11.38508;-4.62478;-6.92939;13.12710;0.11744;1.30677;0.34593;
11.39285;-4.64694;-6.92819;13.15884;0.11331;1.25018;0.34207;
11.40064;-4.70142;-6.94376;13.16482;0.11078;1.24153;0.33755;
11.40843;-4.96128;-6.91442;13.13608;0.11811;1.28347;0.33701;
11.41622;-5.01757;-6.92939;13.19297;0.11558;1.37508;0.33488;
11.42400;-5.04810;-6.97250;13.13848;0.11371;1.41956;0.33262;
11.43176;-5.26485;-6.93538;13.12052;0.10852;1.41343;0.32969;
11.43954;-5.49777;-6.92700;13.00615;0.10825;1.36523;0.32889;
11.44733;-5.44508;-6.96412;12.91694;0.10892;1.22076;0.32956;
11.45511;-5.43909;-6.96232;13.03849;0.11611;1.16057;0.33328;
11.46289;-5.47561;-6.98448;13.04567;0.12636;1.10158;0.34540;
11.47067;-5.46963;-6.97190;13.06723;0.13715;1.11064;0.35366;
11.47846;-5.71811;-6.96172;13.10914;0.16058;1.19666;0.37696;
11.48626;-5.63069;-6.96771;13.13429;0.17070;1.39332;0.39667;
11.49404;-6.02767;-6.94556;13.05465;0.16831;1.47242;0.39866;
11.50182;-6.13724;-6.94196;12.90616;0.15539;1.50411;0.40146;
11.50959;-6.57912;-6.88867;12.79659;0.14660;1.42741;0.39653;
11.51737;-6.59648;-6.93957;12.75049;0.12863;1.13927;0.37483;
11.52517;-6.59469;-6.94675;12.86904;0.12317;1.00545;0.36391;
11.53294;-6.68869;-6.89466;12.92772;0.13076;0.92236;0.34607;
11.54070;-6.61445;-6.89706;13.00376;0.13475;0.97855;0.34567;
11.54845;-6.70246;-6.93059;12.87862;0.13409;1.15538;0.34394;
11.55623;-6.63241;-6.94316;12.86365;0.13648;1.24832;0.34767;
11.56404;-6.76174;-6.91801;12.95765;0.13888;1.24499;0.34953;
11.57182;-7.06172;-6.90125;12.60080;0.13821;1.17988;0.34660;
11.57960;-7.11261;-6.89766;12.58523;0.13795;1.13128;0.34420;
11.58738;-7.31499;-6.92400;12.47805;0.12969;1.02396;0.34034;
11.59515;-7.35271;-6.92580;12.61756;0.13036;0.96577;0.33675;
11.60293;-7.21440;-6.90843;12.71695;0.13808;0.94007;0.33502;
11.61069;-7.41857;-6.94376;12.62056;0.13262;0.97296;0.33129;
11.61847;-7.41318;-6.90125;12.62894;0.13435;1.00225;0.33022;
11.62625;-7.45450;-6.91322;12.49661;0.14274;1.11849;0.34154;
11.63405;-7.58563;-6.91263;12.57685;0.14274;1.17575;0.34181;
11.64184;-7.84010;-6.91502;12.37088;0.14154;1.20212;0.34367;
11.64962;-7.82812;-6.92400;12.40620;0.13382;1.19373;0.34793;
11.65739;-8.11612;-6.89287;12.45530;0.12863;1.12076;0.34194;
11.66517;-8.20713;-6.90484;12.17388;0.12450;1.05312;0.33981;
11.67295;-8.27599;-6.87071;12.31519;0.13022;0.95418;0.34274;
11.68073;-8.29874;-6.89167;12.25951;0.13129;0.93115;0.34380;
11.68851;-8.52447;-6.87431;12.02000;0.13795;0.91890;0.34926;
11.69626;-8.37299;-6.87610;12.22657;0.15419;0.95392;0.35645;
11.70403;-8.42328;-6.87071;12.21580;0.16391;0.99879;0.36111;
11.71180;-8.64183;-6.88927;12.07629;0.17044;1.11383;0.37163;
11.71958;-8.60531;-6.86892;12.16610;0.16911;1.13887;0.37230;
11.72737;-8.80289;-6.85215;11.93857;0.16138;1.08574;0.37230;
11.73515;-8.95618;-6.87131;11.90744;0.15326;1.02742;0.36924;
11.74293;-8.99450;-6.85934;11.84397;0.14274;0.87216;0.36311;
11.75070;-9.07892;-6.86293;11.79607;0.13675;0.80092;0.35952;
11.75845;-9.01485;-6.85634;11.87511;0.14008;0.73821;0.35526;
11.76622;-9.18849;-6.88808;11.73859;0.15073;0.76710;0.36045;
11.77399;-9.19508;-6.86173;11.62123;0.15086;0.79600;0.36258;
11.78176;-9.37590;-6.83299;11.55777;0.15140;0.81597;0.36351;
11.78953;-9.26394;-6.85874;11.78589;0.14620;0.81277;0.36245;
11.79730;-9.40165;-6.82521;11.47514;0.14514;0.79373;0.36790;
11.80507;-9.32501;-6.79707;11.73739;0.14873;0.76803;0.37123;
11.81284;-9.54236;-6.82102;11.48951;0.15446;0.71903;0.37270;
11.82060;-9.50464;-6.82640;11.58291;0.15473;0.69240;0.37270;
11.82836;-9.54355;-6.82461;11.56435;0.15619;0.67136;0.36671;
11.83614;-9.53457;-6.80904;11.53202;0.15419;0.67749;0.36058;
11.84390;-9.61660;-6.78689;11.40868;0.15539;0.66244;0.35779;
11.85167;-9.80761;-6.79527;11.29551;0.14793;0.60385;0.35179;
11.85944;-9.72558;-6.79467;11.42125;0.15353;0.56750;0.35126;
11.86723;-9.85730;-6.79407;11.33323;0.14847;0.51837;0.35233;
11.87500;-9.84413;-6.80724;11.32425;0.14620;0.51171;0.34993;
11.88276;-9.90520;-6.79407;11.25599;0.14594;0.52050;0.35832;
11.89051;-9.94951;-6.78329;11.18833;0.14634;0.52156;0.36391;
11.89829;-10.03034;-6.77791;11.07637;0.14500;0.51145;0.37017;
11.90612;-9.95011;-6.78270;11.22426;0.14620;0.49893;0.37217;
11.91388;-10.22254;-6.76354;11.13984;0.14647;0.50093;0.37004;
11.92170;-10.24170;-6.78988;11.05601;0.14461;0.51704;0.35366;
11.92951;-10.23751;-6.77431;10.95961;0.14394;0.52423;0.34487;
11.93734;-10.27643;-6.75455;11.08355;0.14554;0.54021;0.33342;
11.94517;-10.36085;-6.74797;11.00272;0.13715;0.53182;0.32916;
11.95299;-10.32613;-6.76054;10.79256;0.13622;0.51318;0.31837;
11.96081;-10.26984;-6.74917;10.98116;0.14074;0.56644;0.32117;
11.96864;-10.39977;-6.77012;10.87938;0.14168;0.59773;0.32197;
11.97645;-10.27104;-6.74617;11.05421;0.14833;0.65871;0.33262;
11.98427;-10.47881;-6.75934;10.85603;0.14620;0.66417;0.33981;
11.99212;-10.43929;-6.77252;10.80932;0.14061;0.69613;0.35326;
11.99993;-10.42552;-6.75815;10.75963;0.14514;0.71570;0.36498;
12.00775;-10.60215;-6.72282;10.59916;0.14367;0.76204;0.38735;
12.01557;-10.69616;-6.70126;10.68179;0.13568;0.74660;0.38934;
12.02339;-10.67400;-6.71264;10.69197;0.12024;0.66377;0.37909;
12.03118;-10.82788;-6.71743;10.49498;0.10905;0.59240;0.36617;
12.03898;-10.98476;-6.68210;10.41714;0.10186;0.54926;0.36311;
12.04678;-11.00871;-6.70186;10.37942;0.09041;0.49893;0.34926;
12.05460;-10.90752;-6.70067;10.52431;0.09334;0.46844;0.34287;
12.06238;-10.96859;-6.69767;10.42313;0.09494;0.35885;0.33502;
12.07019;-10.89614;-6.69947;10.25667;0.09853;0.32516;0.33328;
12.07800;-10.82549;-6.73779;10.38720;0.10985;0.35526;0.34727;
12.08580;-10.98356;-6.71563;10.20578;0.12317;0.41424;0.35565;
12.09361;-10.93626;-6.70186;10.30757;0.12730;0.44407;0.35952;
12.10142;-11.02607;-6.71563;10.29320;0.13409;0.45991;0.36058;
12.10922;-11.13804;-6.69228;10.27224;0.13702;0.47509;0.36058;
12.11705;-11.23683;-6.70725;10.11058;0.12610;0.54567;0.35206;
12.12487;-11.16438;-6.69767;10.18123;0.12477;0.55472;0.34647;
12.13269;-11.32425;-6.68031;9.96807;0.12303;0.52822;0.34540;
12.14046;-11.20929;-6.71563;10.20518;0.12756;0.50798;0.34447;
12.14828;-11.25719;-6.72162;10.09381;0.13315;0.47243;0.34167;
12.15610;-11.32844;-6.70246;9.96747;0.13262;0.40838;0.34460;
12.16386;-11.36197;-6.70785;10.15069;0.13262;0.37936;0.34900;
12.17167;-11.47753;-6.66414;9.78006;0.11678;0.34434;0.35432;
12.17947;-11.37036;-6.70665;10.03872;0.11877;0.33874;0.35845;
12.18728;-11.48891;-6.69228;9.84892;0.10692;0.34021;0.37030;
12.19505;-11.48292;-6.69109;9.86808;0.10892;0.30772;0.37083;
12.20280;-11.52424;-6.65217;9.57589;0.11078;0.24767;0.37097;
12.21058;-11.42245;-6.65456;9.80102;0.12343;0.34753;0.38308;
12.21834;-11.56914;-6.63660;9.69983;0.12090;0.40026;0.38242;
12.22610;-11.65656;-6.64319;9.64714;0.12583;0.37163;0.36391;
12.23389;-11.63620;-6.66235;9.57289;0.12263;0.35366;0.35392;
12.24167;-11.60028;-6.68929;9.70282;0.12437;0.41225;0.34567;
12.24944;-11.58770;-6.71025;9.66510;0.12996;0.44047;0.34567;
12.25720;-11.67931;-6.64319;9.60403;0.13941;0.46271;0.34474;
12.26498;-11.78829;-6.62223;9.29148;0.13622;0.46577;0.34633;
12.27276;-11.82361;-6.65935;9.36333;0.13116;0.45139;0.34194;
12.28055;-11.80385;-6.68330;9.32980;0.13742;0.40466;0.32822;
12.28831;-11.64938;-6.68031;9.69205;0.14367;0.41584;0.33102;
12.29609;-11.86672;-6.63840;9.28848;0.14554;0.42236;0.33502;
12.30386;-11.93079;-6.61624;9.29447;0.14500;0.37669;0.32783;
12.31164;-11.84816;-6.61504;9.18969;0.14287;0.31318;0.32490;
12.31942;-11.78410;-6.65875;9.46991;0.14168;0.35046;0.32729;
12.32720;-11.84936;-6.63899;9.29747;0.13502;0.41904;0.33009;
12.33496;-11.86612;-6.64438;9.36453;0.13475;0.43555;0.32862;
12.34274;-12.07329;-6.62283;9.00587;0.12024;0.37310;0.32516;
12.35053;-11.98588;-6.62642;9.23939;0.11584;0.35765;0.31597;
12.35830;-11.99426;-6.60427;9.25795;0.11558;0.38482;0.31384;
12.36608;-12.07868;-6.61205;9.05856;0.11558;0.39600;0.31131;
12.37382;-12.11521;-6.61385;9.00168;0.12130;0.37909;0.31078;
12.38159;-12.13796;-6.63420;8.90588;0.12956;0.35539;0.31358;
12.38939;-12.12239;-6.60906;9.00288;0.13342;0.33488;0.31904;
12.39715;-12.14934;-6.64319;8.85918;0.12889;0.26977;0.31824;
12.40493;-12.13976;-6.65935;8.86876;0.13022;0.24354;0.32223;
12.41271;-12.17568;-6.64079;8.95797;0.13089;0.22530;0.33382;
12.42048;-12.21041;-6.64199;8.93761;0.13422;0.21118;0.33728;
12.42827;-12.14275;-6.61445;8.84720;0.13702;0.21598;0.33968;
12.43606;-12.26310;-6.62163;8.76697;0.14208;0.19321;0.33715;
12.44384;-12.30022;-6.60487;8.81188;0.13861;0.17616;0.33275;
12.45162;-12.33734;-6.60906;9.15496;0.13342;0.19227;0.32743;
12.45940;-12.19843;-6.60666;8.90648;0.13555;0.22010;0.33328;
12.46717;-12.45889;-6.50966;7.29164;0.13715;0.23808;0.34114;
12.47495;-11.98588;-6.64378;9.54475;0.14767;0.30306;0.34367;
12.48272;-12.34513;-6.61684;8.80529;0.14194;0.41358;0.34687;
12.49051;-12.44572;-6.55876;8.48136;0.14567;0.28349;0.34434;
12.49830;-12.39183;-6.62762;8.65859;0.14913;0.26831;0.34460;
12.50608;-12.36968;-6.54259;8.53046;0.12423;0.28748;0.34913;
12.51385;-12.46727;-6.54858;8.57178;0.12996;0.29733;0.34620;
12.52162;-12.35411;-6.56654;8.51429;0.12050;0.35832;0.33861;
12.52939;-12.39782;-6.55337;8.54184;0.12570;0.45166;0.34221;
12.53716;-12.52535;-6.54259;8.21611;0.11957;0.58082;0.34141;
12.54494;-12.44392;-6.56535;8.48076;0.11997;0.62596;0.34194;
12.55271;-12.54511;-6.55696;8.25024;0.10639;0.74846;0.34567;
12.56049;-12.56307;-6.56355;8.43047;0.10639;0.86058;0.35419;
12.56824;-12.56487;-6.57792;8.66039;0.09947;0.89107;0.34860;
12.57601;-12.74989;-6.49350;7.98859;0.08069;0.87056;0.33355;
12.58374;-12.80318;-6.55457;8.10654;0.07790;0.83354;0.32223;
12.59151;-12.65049;-6.55577;7.81675;0.07403;0.82848;0.31757;
12.59928;-12.62774;-6.55038;7.97422;0.07470;0.92010;0.32916;
12.60703;-12.81036;-6.60127;7.95326;0.07137;1.06830;0.33701;
12.61480;-12.89119;-6.54140;7.78980;0.07070;1.05884;0.33328;
12.62254;-12.87323;-6.55816;7.65867;0.06498;1.04965;0.33022;
12.63032;-12.88101;-6.58990;7.80417;0.05925;1.14459;0.32876;
12.63808;-13.07142;-6.53840;7.33415;0.06351;1.12821;0.32290;
12.64585;-13.09417;-6.51266;7.09644;0.06751;1.02662;0.31478;
12.65364;-13.11513;-6.56235;7.24434;0.06591;0.99866;0.31384;
12.66141;-13.15285;-6.54858;7.18147;0.07377;0.93514;0.31424;
12.66918;-13.20913;-6.56175;7.10303;0.07284;0.87882;0.31411;
12.67695;-13.32888;-6.59648;6.86592;0.06431;0.70625;0.31571;
12.68473;-13.35702;-6.58032;6.83718;0.05859;0.57909;0.30892;
12.69250;-13.17860;-6.56056;6.79168;0.06871;0.37643;0.30333;
12.70027;-13.15584;-6.56714;6.88688;0.08122;0.36964;0.32530;
12.70804;-13.30314;-6.57253;6.82940;0.08455;0.38415;0.32982;
12.71578;-13.28817;-6.56116;6.78329;0.10040;0.36218;0.32210;
12.72354;-13.18578;-6.58810;6.66833;0.10985;0.37030;0.32543;
12.73130;-13.31152;-6.54858;6.75216;0.12943;0.46950;0.34021;
12.73908;-13.37559;-6.58990;6.71144;0.13409;0.50998;0.33515;
12.74686;-13.39055;-6.57553;6.59049;0.14487;0.46537;0.31251;
12.75463;-13.34086;-6.56654;6.51445;0.14620;0.42023;0.30492;
12.76240;-13.34744;-6.54499;6.52463;0.14367;0.36418;0.30892;
12.77017;-13.34984;-6.54080;6.47793;0.14714;0.35858;0.32463;
12.77794;-13.32589;-6.57732;6.51685;0.14927;0.36431;0.33422;
12.78574;-13.34924;-6.53840;6.50727;0.14660;0.36964;0.35419;
12.79351;-13.38157;-6.54679;6.48092;0.14873;0.37829;0.35845;
12.80128;-13.48815;-6.55696;6.41266;0.13888;0.33715;0.35712;
12.80906;-13.47797;-6.53242;6.35219;0.13568;0.29800;0.35419;
12.81683;-13.54084;-6.47733;6.22406;0.13222;0.25672;0.33968;
12.82463;-13.56898;-6.53481;6.28872;0.12849;0.23954;0.32716;
12.83240;-13.50372;-6.51026;6.15221;0.12516;0.16271;0.30146;
12.84018;-13.46061;-6.50727;6.18634;0.12317;0.12583;0.29760;
12.84796;-13.54084;-6.53661;6.18394;0.11864;0.12011;0.29187;
12.85574;-13.51569;-6.53721;6.25699;0.11837;0.07989;0.28096;
12.86352;-13.33966;-6.52643;6.11389;0.12184;0.10226;0.29254;
12.87130;-13.41091;-6.51984;6.20609;0.12650;0.25166;0.32210;
12.87905;-13.43606;-6.51565;6.14083;0.12676;0.31424;0.32916;
12.88682;-13.44085;-6.52343;6.08335;0.12317;0.40106;0.33821;
12.89459;-13.50731;-6.53601;6.12826;0.11931;0.44061;0.34101;
12.90237;-13.63365;-6.49709;5.93366;0.11651;0.45139;0.33302;
12.91014;-13.62766;-6.49290;5.91211;0.11398;0.40612;0.30985;
12.91792;-13.62766;-6.54379;5.96659;0.11518;0.39733;0.30173;
12.92570;-13.62766;-6.52643;5.81571;0.11425;0.35459;0.29334;
12.93350;-13.54803;-6.53182;5.67739;0.11638;0.33968;0.29281;
12.94129;-13.58515;-6.52104;5.67739;0.12330;0.37243;0.30333;
12.94908;-13.55342;-6.55816;5.74565;0.12889;0.42649;0.31185;
12.95686;-13.62946;-6.50068;5.68338;0.12583;0.52396;0.32330;
12.96462;-13.66898;-6.54200;5.81032;0.12290;0.55086;0.32809;
12.97238;-13.70370;-6.49709;5.61572;0.12263;0.51184;0.32783;
12.98015;-13.68454;-6.46356;5.31934;0.11385;0.43981;0.31411;
12.98793;-13.73963;-6.50128;5.38879;0.11318;0.41611;0.30878;
12.99572;-13.73065;-6.50667;5.40736;0.11544;0.36045;0.30306;
13.00348;-13.63185;-6.47733;5.25647;0.12263;0.36551;0.30519;
13.01124;-13.65520;-6.52284;5.30976;0.12849;0.49520;0.32024;
13.01900;-13.75280;-6.54379;5.40316;0.12769;0.52183;0.32170;
13.02675;-13.71268;-6.51086;5.24509;0.12543;0.43808;0.31997;
13.03453;-13.72286;-6.50308;5.21935;0.12263;0.41105;0.32024;
13.04229;-13.82405;-6.49829;5.16306;0.11278;0.38921;0.31478;
13.05006;-13.76957;-6.51505;5.00320;0.11438;0.33368;0.30173;
13.05781;-13.69412;-6.45997;5.03253;0.11425;0.33661;0.30439;
13.06558;-13.77795;-6.50248;5.03194;0.10985;0.38908;0.30439;
13.07332;-13.83782;-6.53122;5.03613;0.10719;0.36884;0.30213;
13.08111;-13.70430;-6.53541;4.87087;0.10905;0.26644;0.29946;
13.08887;-13.72646;-6.50368;4.95350;0.11265;0.27763;0.30586;
13.09664;-13.77376;-6.51805;4.80860;0.11558;0.39520;0.31344;
13.10439;-13.79591;-6.51146;4.79184;0.12024;0.41025;0.31238;
13.11217;-13.83244;-6.48751;4.69065;0.12104;0.36537;0.30732;
13.11994;-13.79531;-6.50308;4.80680;0.12570;0.37190;0.30639;
13.12771;-13.78454;-6.51625;4.66430;0.12756;0.40026;0.31145;
13.13547;-13.82824;-6.50128;4.67328;0.13169;0.42077;0.31824;
13.14324;-13.81926;-6.49829;4.46671;0.13182;0.40559;0.31491;
13.15102;-13.78693;-6.53182;4.55054;0.13875;0.41278;0.31811;
13.15881;-13.85938;-6.52284;4.60023;0.13688;0.42383;0.32064;
13.16660;-13.96057;-6.48871;4.33379;0.13062;0.35153;0.31677;
13.17437;-13.91626;-6.49469;4.32541;0.13329;0.28695;0.31105;
13.18215;-13.85758;-6.49769;4.28349;0.13355;0.16418;0.30040;
13.18992;-13.84082;-6.52523;4.31283;0.14088;0.10466;0.29960;
13.19769;-13.80729;-6.50248;4.25535;0.14168;0.11078;0.30466;
13.20546;-13.78633;-6.46476;4.33858;0.13768;0.15872;0.31624;
13.21324;-13.72646;-6.50966;4.33379;0.14008;0.20492;0.33009;
13.22100;-13.86597;-6.50188;4.28409;0.13835;0.30239;0.35086;
13.22876;-13.96596;-6.47973;4.37211;0.13955;0.31384;0.35099;
13.23653;-13.90129;-6.47194;4.17452;0.13768;0.27110;0.33994;
13.24431;-13.91087;-6.48691;4.18649;0.13582;0.24740;0.33608;
13.25209;-13.95698;-6.48152;4.18290;0.13156;0.19281;0.32836;
13.25988;-13.99590;-6.47074;4.08650;0.12783;0.09827;0.30905;
13.26762;-13.94081;-6.45997;4.01166;0.12823;0.04128;0.29720;
13.27540;-13.85579;-6.44979;3.93083;0.13755;-0.00346;0.29161;
13.28318;-13.88333;-6.44919;4.02782;0.13688;0.01012;0.29653;
13.29096;-13.86118;-6.46835;4.02303;0.13955;0.01371;0.30306;
13.29873;-13.79891;-6.46835;3.98950;0.14061;0.01065;0.30732;
13.30650;-13.79531;-6.46595;4.02902;0.13635;0.07776;0.33115;
13.31427;-13.90848;-6.45637;4.00926;0.13435;0.11078;0.33635;
13.32203;-14.01745;-6.47254;3.95178;0.12916;0.05672;0.32263;
13.32981;-13.96955;-6.48092;3.88772;0.13528;-0.05300;0.30572;
13.33761;-13.95039;-6.47973;3.89251;0.13888;-0.08056;0.30000;
13.34537;-13.90069;-6.46955;3.87035;0.14514;-0.11771;0.29640;
13.35316;-13.83603;-6.49410;3.90807;0.14727;-0.11558;0.29906;
13.36095;-13.84740;-6.46895;3.71288;0.15193;-0.08056;0.30213;
13.36875;-13.91806;-6.50068;4.07393;0.15446;-0.07097;0.29933;
13.37654;-13.84082;-6.48691;3.87155;0.15978;-0.10186;0.30492;
13.38432;-13.82286;-6.45278;3.91226;0.16165;-0.10586;0.31491;
13.39211;-13.89770;-6.45578;3.89011;0.16032;-0.05446;0.33062;
13.39989;-13.98212;-6.43721;3.71647;0.15566;-0.06391;0.32090;
13.40769;-13.95159;-6.46655;3.89730;0.15339;-0.09161;0.31677;
13.41549;-13.97554;-6.45338;3.87454;0.14674;-0.16325;0.30838;
13.42329;-13.96955;-6.47553;4.13440;0.14234;-0.18429;0.30026;
13.43108;-13.82166;-6.44799;3.82425;0.15046;-0.14168;0.30066;
13.43887;-13.78933;-6.47374;3.88712;0.14807;-0.09041;0.30838;
13.44667;-13.90668;-6.46955;3.90927;0.14407;-0.06591;0.31504;
13.45446;-13.91926;-6.45218;3.83622;0.14048;-0.09840;0.31211;
13.46224;-13.86417;-6.46476;3.90268;0.13795;-0.11584;0.31411;
13.47004;-13.85219;-6.46536;3.89490;0.13329;-0.05473;0.32689;
13.47783;-13.85219;-6.45099;3.80628;0.13289;-0.03688;0.33808;
13.48563;-13.95937;-6.46057;3.84221;0.12503;-0.03555;0.34354;
13.49342;-13.99829;-6.46536;3.81347;0.12343;-0.05779;0.33688;
13.50122;-13.89411;-6.43242;3.75000;0.12516;-0.12237;0.31691;
13.50903;-13.85519;-6.44021;3.77814;0.12583;-0.12663;0.31664;
13.51685;-13.97733;-6.44260;3.78653;0.12676;-0.08628;0.32330;
13.52463;-13.98272;-6.44440;3.82844;0.12743;-0.10093;0.30998;
13.53240;-13.91267;-6.44500;3.76617;0.12889;-0.11877;0.30652;
13.54020;-13.88034;-6.44679;3.76377;0.12836;-0.11465;0.31145;
13.54800;-13.84860;-6.45278;3.77994;0.12969;-0.09188;0.31677;
13.55580;-13.94560;-6.42763;3.73683;0.12809;-0.05406;0.31970;
13.56356;-13.95578;-6.43602;3.74102;0.12743;-0.06418;0.31358;
13.57135;-13.97494;-6.41446;3.75958;0.11917;-0.12889;0.30026;
13.57914;-14.00967;-6.44619;3.71048;0.11598;-0.16631;0.29281;
13.58694;-13.94560;-6.41386;3.81407;0.11758;-0.21717;0.27536;
13.59475;-13.85459;-6.42045;3.55720;0.11797;-0.21598;0.27563;
13.60254;-13.84022;-6.46236;3.70929;0.11758;-0.20719;0.28402;
13.61033;-13.84501;-6.47134;3.75300;0.11678;-0.19201;0.30213;
13.61813;-13.91926;-6.44380;3.74821;0.11877;-0.18815;0.30612;
13.62593;-13.91866;-6.44081;3.73264;0.12064;-0.18628;0.30812;
13.63372;-13.90309;-6.45757;3.70090;0.12144;-0.19108;0.30732;
13.64151;-13.87674;-6.46057;3.73204;0.12676;-0.19001;0.31171;
13.64930;-13.87135;-6.45817;3.73623;0.12863;-0.18389;0.31558;
13.65712;-13.97494;-6.44679;3.72186;0.13169;-0.20040;0.31584;
13.66490;-13.97554;-6.45578;3.73683;0.13329;-0.25193;0.30732;
13.67269;-13.97314;-6.45817;3.74761;0.13502;-0.26471;0.30372;
13.68048;-13.88213;-6.43841;3.73743;0.14168;-0.27017;0.30359;
13.68828;-13.77436;-6.46536;3.74761;0.14620;-0.24580;0.30705;
13.69608;-13.87255;-6.42704;3.77335;0.14727;-0.15512;0.33009;
13.70387;-13.92943;-6.42105;3.85838;0.14647;-0.13089;0.34101;
13.71166;-13.86417;-6.46236;3.81766;0.14607;-0.11797;0.34727;
13.71946;-13.83363;-6.42823;3.77455;0.14088;-0.08841;0.35312;
13.72725;-13.81268;-6.45039;3.73384;0.13755;-0.07896;0.35499;
13.73505;-13.89710;-6.42584;3.75359;0.12796;-0.07390;0.34980;
13.74283;-13.94979;-6.42224;3.75359;0.12849;-0.07949;0.34647;
13.75062;-13.93063;-6.42165;3.73324;0.12583;-0.07723;0.35020;
13.75841;-13.97614;-6.42644;3.72126;0.12237;-0.07936;0.34980;
13.76621;-13.91626;-6.41805;3.61947;0.12144;-0.13515;0.33382;
13.77400;-13.84681;-6.38752;3.64702;0.12250;-0.16325;0.32436;
13.78179;-13.91746;-6.41805;3.70270;0.12184;-0.14394;0.32290;
13.78959;-13.98272;-6.41745;3.71827;0.12556;-0.13249;0.31824;
13.79740;-13.93842;-6.41985;3.72066;0.12676;-0.11731;0.31944;
13.80519;-13.91087;-6.40847;3.74701;0.12503;-0.08841;0.32103;
13.81297;-13.94859;-6.38632;3.68893;0.12077;-0.11038;0.31504;
13.82076;-13.91087;-6.39590;3.73144;0.11411;-0.15739;0.30426;
13.82856;-13.94500;-6.42105;3.76677;0.11238;-0.15526;0.30026;
13.83636;-14.02164;-6.39590;3.69611;0.10865;-0.17150;0.28988;
13.84416;-13.98751;-6.38273;3.67276;0.11145;-0.20373;0.27976;
13.85195;-13.95398;-6.42105;3.65420;0.11451;-0.26351;0.26365;
13.85976;-13.97793;-6.38812;3.62007;0.12157;-0.31637;0.24540;
13.86756;-13.88812;-6.41686;3.67875;0.12516;-0.32849;0.24194;
13.87536;-13.88872;-6.42464;3.74282;0.12956;-0.30186;0.24833;
13.88314;-13.89052;-6.42464;3.73384;0.13275;-0.28668;0.25339;
13.89095;-13.76298;-6.46057;3.75419;0.13249;-0.25645;0.27510;
13.89876;-13.78813;-6.46715;3.80269;0.12929;-0.22077;0.29041;
13.90654;-13.86357;-6.42644;3.76617;0.12663;-0.17297;0.30652;
13.91433;-13.85998;-6.41147;3.73982;0.12516;-0.18482;0.31478;
13.92212;-13.80729;-6.41686;3.74222;0.12477;-0.17150;0.32423;
13.92991;-13.86537;-6.42165;3.76138;0.12463;-0.12383;0.34141;
13.93773;-13.95698;-6.38752;3.75240;0.12690;-0.11891;0.34034;
13.94552;-13.92943;-6.40907;3.74102;0.12929;-0.13222;0.33954;
13.95332;-13.91866;-6.40668;3.72845;0.12809;-0.14594;0.34061;
13.96111;-13.94201;-6.39889;3.69671;0.12716;-0.18588;0.33741;
13.96891;-13.97135;-6.40728;3.71168;0.12836;-0.20666;0.33368;
13.97671;-13.91686;-6.41566;3.70510;0.13209;-0.24234;0.32330;
13.98450;-13.89531;-6.41446;3.72485;0.13648;-0.23808;0.32090;
13.99228;-13.85399;-6.41207;3.74641;0.13582;-0.22370;0.32277;
14.00008;-13.82585;-6.41446;3.78473;0.13209;-0.17736;0.33502;
14.00788;-13.95638;-6.40907;3.80269;0.12903;-0.15299;0.33635;
14.01566;-13.93362;-6.36776;3.78054;0.13196;-0.12090;0.31957;
14.02344;-13.91027;-6.37973;3.77036;0.13262;-0.09481;0.31278;
14.03124;-13.95159;-6.41566;3.74401;0.12809;-0.07217;0.31731;
14.03906;-13.94440;-6.41087;3.76138;0.12583;-0.08162;0.31597;
14.04684;-13.88453;-6.38333;3.83083;0.12610;-0.06564;0.31571;
14.05464;-13.89770;-6.38871;3.68953;0.11931;-0.06059;0.31305;
14.06242;-13.93243;-6.38752;3.68594;0.11931;-0.08668;0.30972;
14.07022;-13.95578;-6.40428;3.67815;0.11971;-0.11318;0.30745;
14.07804;-13.98332;-6.40787;3.68594;0.12050;-0.12383;0.30359;
14.08582;-13.93003;-6.37734;3.65959;0.12583;-0.18215;0.29068;
14.09361;-13.86357;-6.42644;3.69552;0.13009;-0.19281;0.28695;
14.10142;-13.91207;-6.37674;3.67935;0.13329;-0.17430;0.29028;
14.10922;-13.89471;-6.43003;3.66079;0.14101;-0.17803;0.29307;
14.11700;-13.87135;-6.42105;3.70749;0.14314;-0.16152;0.29986;
14.12481;-13.89052;-6.41326;3.70629;0.14540;-0.12437;0.30852;
14.13262;-13.93842;-6.41745;3.61768;0.14554;-0.12983;0.30932;
14.14044;-13.92824;-6.39829;3.62366;0.14607;-0.14514;0.30372;
14.14823;-13.88812;-6.40368;3.63384;0.14527;-0.14940;0.30412;
14.15602;-13.86177;-6.39829;3.62905;0.13861;-0.15246;0.30386;
14.16381;-13.98093;-6.40129;3.69073;0.13502;-0.16431;0.30532;
14.17162;-13.93482;-6.40787;3.70210;0.13102;-0.16338;0.32130;
14.17942;-13.71688;-6.38093;3.65181;0.12516;-0.09907;0.33515;
14.18721;-13.94021;-6.41985;3.68115;0.11971;-0.11358;0.33435;
14.19502;-13.88632;-6.39530;3.55541;0.11691;-0.14474;0.33129;
14.20283;-13.85519;-6.38812;3.64881;0.11811;-0.10319;0.32969;
14.21063;-13.96237;-6.39470;3.65241;0.12423;-0.04075;0.33621;
14.21842;-13.91327;-6.36476;3.59912;0.12636;-0.04128;0.33528;
14.22621;-13.94799;-6.36476;3.50032;0.12610;-0.07137;0.32756;
14.23402;-13.95458;-6.39051;3.59971;0.12636;-0.10479;0.32157;
14.24182;-13.93901;-6.37913;3.58954;0.12889;-0.15832;0.31185;
14.24962;-13.98452;-6.38333;3.56678;0.13236;-0.17084;0.30293;
14.25742;-13.95877;-6.41087;3.62366;0.13542;-0.19241;0.30026;
14.26521;-13.87914;-6.38033;3.57457;0.14034;-0.21345;0.30612;
14.27302;-13.93842;-6.37375;3.63085;0.13994;-0.20439;0.30799;
14.28081;-13.90848;-6.39530;3.60271;0.14341;-0.21478;0.30492;
14.28860;-13.84321;-6.39889;3.60031;0.14594;-0.21864;0.30319;
14.29640;-13.91147;-6.39410;3.62007;0.14967;-0.17283;0.31131;
14.30420;-13.94500;-6.39770;3.62366;0.16072;-0.14953;0.30945;
14.31199;-13.96237;-6.37913;3.60391;0.16791;-0.14181;0.30639;
14.31978;-13.97075;-6.40488;3.59433;0.17457;-0.13116;0.29560;
14.32759;-13.99170;-6.38273;3.52607;0.17603;-0.14740;0.28828;
14.33539;-13.92884;-6.37075;3.57517;0.17190;-0.18335;0.28002;
14.34320;-13.90668;-6.38931;3.61947;0.16951;-0.18389;0.27896;
14.35100;-13.90369;-6.39350;3.64642;0.16271;-0.18708;0.28135;
14.35878;-13.85279;-6.40787;3.61408;0.15632;-0.20266;0.28575;
14.36658;-13.85698;-6.39350;3.56139;0.14447;-0.20173;0.29467;
14.37438;-13.90009;-6.41266;3.72006;0.13409;-0.17962;0.31012;
14.38218;-13.87135;-6.39530;3.60989;0.12956;-0.15526;0.31478;
14.38997;-13.89291;-6.40548;3.64761;0.12184;-0.14514;0.32423;
14.39777;-13.91446;-6.43422;3.60450;0.11824;-0.15872;0.32343;
14.40557;-13.86597;-6.39051;3.60391;0.12037;-0.16551;0.32197;
14.41337;-13.90908;-6.40308;3.62247;0.12263;-0.15379;0.32330;
14.42116;-13.93961;-6.38692;3.57876;0.12743;-0.16325;0.31811;
14.42896;-13.94620;-6.40728;3.58834;0.13009;-0.16831;0.31438;
14.43676;-13.91746;-6.39530;3.60690;0.13528;-0.16551;0.30892;
14.44456;-13.88393;-6.35938;3.59492;0.13555;-0.15379;0.31185;
14.45236;-13.93362;-6.38572;3.62786;0.13608;-0.14567;0.31251;
14.46016;-13.91746;-6.40548;3.61588;0.13502;-0.14967;0.30905;
14.46795;-13.93542;-6.40129;3.62067;0.13142;-0.15379;0.30918;
14.47575;-13.92405;-6.37315;3.58295;0.12570;-0.17017;0.30772;
14.48355;-13.91866;-6.39171;3.57996;0.12170;-0.18668;0.30532;
14.49134;-13.95997;-6.41027;3.56738;0.11718;-0.21731;0.30173;
14.49914;-13.96536;-6.38153;3.59193;0.11371;-0.23728;0.29334;
14.50694;-13.89411;-6.37315;3.60091;0.11331;-0.24727;0.29121;
14.51475;-13.87375;-6.38333;3.61528;0.11465;-0.23195;0.29547;
14.52255;-13.90908;-6.38931;3.63145;0.11678;-0.21917;0.29787;
14.53034;-13.89411;-6.40009;3.58594;0.11891;-0.20852;0.29840;
14.53813;-13.88213;-6.39889;3.64582;0.11851;-0.19614;0.30199;
14.54594;-13.92165;-6.40249;3.62786;0.11505;-0.18628;0.29747;
14.55374;-13.96895;-6.38333;3.61828;0.11571;-0.20000;0.29214;
14.56151;-13.91387;-6.40308;3.63085;0.11744;-0.20799;0.29480;
14.56930;-13.84381;-6.38512;3.58654;0.11784;-0.17749;0.30159;
14.57710;-13.93782;-6.41686;3.63205;0.11997;-0.17124;0.30586;
14.58491;-13.90069;-6.37375;3.61828;0.12130;-0.17896;0.30958;
14.59270;-13.90129;-6.38692;3.61049;0.11917;-0.18468;0.31118;
14.60050;-13.89590;-6.36836;3.60510;0.12197;-0.19121;0.31997;
14.60828;-13.89890;-6.37794;3.62366;0.12530;-0.18655;0.32396;
14.61608;-13.90728;-6.38632;3.61828;0.12983;-0.18162;0.32596;
14.62388;-13.88992;-6.38273;3.59253;0.13062;-0.18242;0.32929;
14.63168;-13.90249;-6.36057;3.63085;0.13449;-0.17323;0.33235;
14.63949;-13.93722;-6.36716;3.61708;0.13662;-0.15899;0.33368;
14.64731;-13.92884;-6.37734;3.62965;0.13915;-0.15872;0.33009;
14.65510;-13.90968;-6.41207;3.62247;0.14074;-0.16045;0.32530;
14.66289;-13.91746;-6.39171;3.61708;0.14141;-0.15952;0.32503;
14.67069;-13.92644;-6.37734;3.63085;0.14287;-0.16644;0.32317;
14.67850;-13.92045;-6.35518;3.61229;0.14221;-0.17523;0.32090;
14.68630;-13.89231;-6.36536;3.57576;0.13968;-0.18695;0.31717;
14.69410;-13.86597;-6.37614;3.64282;0.13688;-0.16245;0.31930;
14.70190;-13.91686;-6.34081;3.62786;0.13435;-0.15140;0.32050;
14.70968;-13.95458;-6.34980;3.65660;0.12703;-0.15446;0.31651;
14.71748;-13.89650;-6.36716;3.64582;0.12250;-0.15552;0.31318;
14.72528;-13.90668;-6.35758;3.62546;0.11851;-0.15699;0.30679;
14.73308;-13.91626;-6.37195;3.62486;0.11664;-0.16271;0.30253;
14.74088;-13.87615;-6.36716;3.63384;0.11411;-0.14993;0.30825;
14.74869;-13.93961;-6.36417;3.62247;0.11425;-0.13848;0.31438;
14.75648;-13.99111;-6.37255;3.60331;0.11518;-0.15978;0.30612;
14.76428;-13.96416;-6.36836;3.62007;0.12144;-0.18295;0.29334;
14.77208;-13.91806;-6.36536;3.57996;0.12250;-0.17496;0.29147;
14.77987;-13.95518;-6.35399;3.58654;0.12676;-0.16698;0.28735;
14.78768;-13.90848;-6.36776;3.60031;0.12889;-0.16831;0.28309;
14.79547;-13.89111;-6.35698;3.61648;0.12969;-0.15379;0.28681;
14.80328;-13.86477;-6.38213;3.58295;0.12969;-0.14634;0.29001;
14.81107;-13.82765;-6.39051;3.61588;0.12943;-0.12956;0.30146;
14.81888;-13.90728;-6.38333;3.60690;0.12383;-0.11797;0.30785;
14.82666;-13.93602;-6.37734;3.56379;0.12357;-0.13275;0.30532;
14.83447;-13.94440;-6.35997;3.54762;0.12530;-0.15446;0.29866;
14.84227;-13.92345;-6.34680;3.57397;0.12596;-0.15153;0.29640;
14.85008;-13.97195;-6.35339;3.58235;0.13182;-0.16644;0.29267;
14.85788;-13.93303;-6.35459;3.53804;0.13515;-0.18602;0.28655;
14.86568;-13.88632;-6.35578;3.54044;0.13808;-0.20373;0.28149;
14.87347;-13.91446;-6.39410;3.56259;0.14141;-0.20692;0.28149;
14.88128;-13.93662;-6.38812;3.60690;0.14394;-0.21211;0.28442;
14.88908;-13.92225;-6.40548;3.60630;0.14168;-0.21651;0.28375;
14.89687;-13.88273;-6.38692;3.56139;0.14287;-0.21771;0.28602;
14.90467;-13.90608;-6.39650;3.59433;0.14021;-0.20160;0.29321;
14.91246;-13.93362;-6.38392;3.56918;0.13875;-0.19640;0.29520;
14.92025;-13.88872;-6.38752;3.56559;0.14301;-0.21211;0.28894;
14.92804;-13.84082;-6.39889;3.56978;0.14833;-0.19986;0.29267;
14.93582;-13.90668;-6.38572;3.53385;0.14980;-0.15819;0.30639;
14.94363;-13.89471;-6.39111;3.56080;0.14953;-0.16578;0.31012;
14.95144;-13.86177;-6.40189;3.57816;0.14514;-0.20279;0.31677;
14.95923;-13.84022;-6.40009;3.56918;0.13821;-0.20359;0.33169;
14.96702;-13.82465;-6.39770;3.58295;0.13409;-0.20133;0.33981;
14.97482;-13.90668;-6.35459;3.62905;0.12463;-0.19441;0.35339;
14.98262;-13.90069;-6.38033;3.59912;0.12011;-0.18948;0.35539;
14.99043;-13.94979;-6.36596;3.65899;0.11904;-0.16844;0.35286;
14.99822;-13.99949;-6.38093;3.65540;0.11451;-0.16365;0.34713;
15.00602;-14.02464;-6.37135;3.62426;0.11371;-0.18082;0.32516;
15.01382;-14.00428;-6.36476;3.64462;0.12050;-0.17710;0.29787;
15.02162;-13.98512;-6.34620;3.57636;0.12370;-0.16791;0.28695;
15.02942;-13.95817;-6.35219;3.58295;0.12849;-0.15499;0.27416;
15.03720;-13.95877;-6.37674;3.63923;0.12650;-0.15020;0.26937;
15.04500;-13.94799;-6.38692;3.58774;0.12410;-0.15659;0.25606;
15.05279;-13.89650;-6.38153;3.56918;0.12423;-0.15805;0.25153;
15.06059;-13.87674;-6.38392;3.61468;0.12290;-0.14780;0.25552;
15.06837;-13.90309;-6.39350;3.63923;0.11984;-0.14101;0.26112;
15.07616;-13.89171;-6.40189;3.63205;0.11624;-0.12077;0.26937;
15.08396;-13.86716;-6.38752;3.60091;0.11038;-0.10639;0.27590;
15.09176;-13.95039;-6.41087;3.55002;0.10453;-0.11438;0.27843;
15.09954;-13.92884;-6.38871;3.54283;0.10186;-0.13861;0.27283;
15.10734;-13.90668;-6.39231;3.56978;0.10213;-0.15140;0.27257;
15.11514;-13.89531;-6.38871;3.57816;0.10226;-0.16205;0.28016;
15.12296;-13.83124;-6.38333;3.44583;0.10359;-0.16445;0.28468;
15.13076;-13.81747;-6.39829;3.43566;0.10759;-0.19001;0.29360;
15.13854;-13.81627;-6.40907;3.58894;0.11584;-0.15845;0.31131;
15.14635;-13.89710;-6.39889;3.51110;0.11971;-0.14674;0.31957;
15.15416;-13.91506;-6.40368;3.50930;0.12650;-0.17909;0.32822;
15.16194;-13.88992;-6.39710;3.54343;0.13036;-0.18881;0.33249;
15.16973;-13.90968;-6.40608;3.52068;0.13875;-0.18295;0.33888;
15.17752;-13.91327;-6.40787;3.55181;0.14074;-0.18575;0.34048;
15.18533;-13.92045;-6.41566;3.61708;0.14873;-0.18242;0.34061;
15.19314;-13.96356;-6.40728;3.57696;0.15166;-0.17377;0.33688;
15.20095;-14.02344;-6.41566;3.55421;0.16165;-0.18029;0.32010;
15.20873;-13.96955;-6.39111;3.52667;0.17004;-0.20106;0.30000;
15.21650;-13.94201;-6.36417;3.53924;0.17243;-0.20120;0.29534;
15.22430;-13.92824;-6.36776;3.55720;0.17070;-0.21571;0.28894;
15.23210;-13.90489;-6.38392;3.58594;0.16671;-0.22223;0.28854;
15.23990;-13.88153;-6.37434;3.60271;0.15433;-0.21944;0.29534;
15.24770;-13.88393;-6.39291;3.60331;0.14554;-0.21198;0.30199;
15.25550;-13.90848;-6.37135;3.60391;0.13302;-0.21185;0.30333;
15.26331;-13.88932;-6.39291;3.60989;0.12636;-0.21531;0.30412;
15.27110;-13.90608;-6.36656;3.58115;0.11571;-0.20359;0.30812;
15.27888;-13.96237;-6.37554;3.53026;0.11358;-0.20080;0.30386;
15.28666;-13.91147;-6.38752;3.54164;0.11505;-0.20253;0.30026;
15.29447;-13.95338;-6.41446;3.60031;0.11811;-0.19414;0.29574;
15.30226;-13.93722;-6.40368;3.57337;0.12184;-0.19014;0.29147;
15.31006;-13.90788;-6.38572;3.58415;0.13289;-0.16844;0.28415;
15.31786;-13.93243;-6.40069;3.57876;0.13901;-0.14900;0.28508;
15.32565;-13.90908;-6.39231;3.58714;0.14873;-0.12184;0.27949;
15.33346;-13.90129;-6.39710;3.57696;0.15566;-0.12503;0.27683;
15.34125;-13.86956;-6.40847;3.50691;0.15699;-0.12743;0.27843;
15.34904;-13.88752;-6.40668;3.51469;0.16298;-0.13022;0.28562;
15.35684;-13.88153;-6.43841;3.56499;0.16152;-0.13928;0.28881;
15.36464;-13.88153;-6.41745;3.57517;0.15672;-0.16578;0.30239;
15.37244;-13.88572;-6.42284;3.59313;0.15326;-0.18056;0.30665;
15.38023;-13.89291;-6.40548;3.56259;0.14740;-0.20386;0.30972;
15.38801;-13.87135;-6.38692;3.56559;0.14208;-0.20825;0.31464;
15.39580;-13.89710;-6.39770;3.57816;0.13355;-0.19654;0.32649;
15.40361;-13.94141;-6.38871;3.55840;0.12676;-0.19121;0.32596;
15.41140;-13.91806;-6.39590;3.51948;0.12570;-0.19560;0.32117;
15.41918;-13.92464;-6.41566;3.61289;0.12077;-0.20333;0.31784;
15.42699;-13.93063;-6.40009;3.62307;0.11758;-0.20519;0.31584;
15.43479;-13.94201;-6.40847;3.58714;0.11718;-0.19720;0.30719;
15.44258;-13.92524;-6.38333;3.56618;0.11811;-0.18761;0.30293;
15.45037;-13.88752;-6.38991;3.59732;0.11664;-0.16658;0.30013;
15.45817;-13.83902;-6.38273;3.55720;0.11558;-0.15033;0.30093;
15.46597;-13.92524;-6.39291;3.58534;0.11265;-0.11984;0.30466;
15.47377;-13.79651;-6.37015;3.54702;0.11172;-0.12157;0.29520;
15.48156;-13.91566;-6.38213;3.54463;0.11105;-0.12463;0.28708;
15.48936;-14.20726;-6.42943;3.59313;0.12397;-0.13049;0.29241;
15.49716;-13.93303;-6.40967;3.54403;0.13608;-0.11225;0.30199;
15.50496;-14.04380;-6.38632;3.42847;0.14660;-0.09853;0.29853;
15.51274;-13.98931;-6.39770;3.44224;0.14833;-0.14447;0.29866;
15.52054;-13.73963;-6.40129;3.51409;0.14354;-0.20958;0.28921;
15.52834;-13.84381;-6.40488;3.54463;0.13821;-0.22197;0.28894;